# Time-averaged data for fix E1
# TimeStep c_PE c_Tav c_T1 c_Tm
20000 -32384.3 291.817 300.444 297.055
40000 -32384.2 292.584 300.488 298.053
60000 -32382.3 292.922 299.782 298.706
80000 -32381.5 293.259 299.757 299.158
100000 -32381 293.43 299.718 299.394
120000 -32380.2 293.369 299.827 299.281
140000 -32379.9 293.439 299.749 299.397
160000 -32379.8 293.522 299.599 299.55
180000 -32379.6 293.683 299.878 299.681
200000 -32379.7 293.682 299.997 299.646
220000 -32379.6 293.664 300.014 299.616
240000 -32379.9 293.791 300.093 299.761
260000 -32380 293.787 300.06 299.765
280000 -32380 293.81 299.898 299.844
300000 -32379.9 293.834 299.726 299.925
320000 -32379.7 293.798 299.665 299.895
340000 -32379.5 293.791 299.648 299.891
360000 -32379.4 293.849 299.659 299.965
380000 -32379.5 293.911 299.769 300.015
400000 -32379.5 293.944 299.896 300.021
420000 -32379.6 294.012 299.918 300.104
440000 -32379.7 293.995 299.954 300.07
460000 -32379.7 293.976 299.92 300.055
480000 -32379.7 293.963 299.874 300.052
500000 -32379.8 293.925 300.001 299.965
520000 -32379.7 293.992 300.026 300.045
540000 -32379.6 294.012 300.049 300.065
560000 -32379.5 293.98 300.075 300.016
580000 -32379.5 293.974 300.087 300.004
600000 -32379.5 293.95 300.015 299.993
620000 -32379.5 293.965 299.887 300.051
640000 -32379.6 293.926 299.923 299.989
660000 -32379.6 293.953 299.871 300.039
680000 -32379.6 293.962 299.907 300.041
700000 -32379.7 293.961 299.841 300.059
720000 -32379.7 293.955 299.789 300.066
740000 -32379.9 293.942 299.747 300.061
760000 -32379.9 293.912 299.722 300.029
780000 -32380 293.901 299.781 299.998
800000 -32380 293.9 299.739 300.009
820000 -32380.1 293.902 299.692 300.025
840000 -32380.3 293.863 299.672 299.979
860000 -32380.4 293.876 299.725 299.981
880000 -32380.4 293.86 299.728 299.959
900000 -32380.5 293.859 299.728 299.958
920000 -32380.5 293.883 299.784 299.973
940000 -32380.5 293.862 299.813 299.937
960000 -32380.4 293.861 299.828 299.931
980000 -32380.3 293.837 299.849 299.893
1000000 -32380.3 293.828 299.853 299.88
1020000 -32380.2 293.859 299.911 299.904
1040000 -32380.2 293.895 299.973 299.933
1060000 -32380.2 293.884 299.956 299.923
1080000 -32380.2 293.883 299.97 299.918
1100000 -32380.2 293.906 299.976 299.947
1120000 -32380.3 293.892 299.935 299.94
1140000 -32380.2 293.91 299.929 299.966
1160000 -32380.3 293.925 299.974 299.973
1180000 -32380.3 293.915 299.973 299.96
1200000 -32380.4 293.942 299.974 299.995
1220000 -32380.4 293.948 300.056 299.979
1240000 -32380.4 293.95 300.013 299.995
1260000 -32380.5 293.96 300.07 299.99
1280000 -32380.7 293.968 300.057 300.005
1300000 -32380.8 293.981 300.051 300.024
1320000 -32380.8 293.97 300.076 300.002
1340000 -32380.9 293.979 300.093 300.009
1360000 -32381 293.977 300.084 300.009
1380000 -32381 293.98 300.074 300.016
1400000 -32381 293.986 300.062 300.027
1420000 -32381.1 293.969 300.053 300.008
1440000 -32381.2 293.968 300.05 300.006
1460000 -32381.3 293.959 300.071 299.99
1480000 -32381.4 293.969 300.045 300.009
1500000 -32381.4 293.942 300.053 299.972
1520000 -32381.5 293.951 300.07 299.979
1540000 -32381.5 293.96 300.091 299.984
1560000 -32381.5 293.958 300.1 299.979
1580000 -32381.6 293.957 300.112 299.974
1600000 -32381.7 293.954 300.137 299.963
1620000 -32381.7 293.935 300.148 299.935
1640000 -32381.7 293.941 300.17 299.936
1660000 -32381.8 293.948 300.154 299.95
1680000 -32381.9 293.946 300.141 299.951
1700000 -32382 293.927 300.151 299.923
1720000 -32382.1 293.929 300.158 299.924
1740000 -32382.1 293.949 300.162 299.95
1760000 -32382.5 293.941 300.108 299.955
1780000 -32383.6 293.933 300.091 299.948
1800000 -32384.7 293.927 300.082 299.943
1820000 -32385.7 293.934 300.106 299.946
1840000 -32386.8 293.93 300.118 299.938
1860000 -32387.8 293.915 300.106 299.92
1880000 -32388.8 293.923 300.124 299.926
1900000 -32389.8 293.928 300.138 299.929
1920000 -32390.8 293.931 300.15 299.928
1940000 -32391.7 293.928 300.152 299.925
1960000 -32392.7 293.919 300.127 299.921
1980000 -32394.1 293.93 300.169 299.922
2000000 -32395.9 293.921 300.142 299.919
2020000 -32397.7 293.924 300.145 299.921
2040000 -32399.5 293.916 300.128 299.916
2060000 -32401.3 293.912 300.142 299.906
2080000 -32403 293.913 300.146 299.906
2100000 -32404.6 293.899 300.124 299.894
2120000 -32406.3 293.899 300.136 299.891
2140000 -32407.9 293.911 300.153 299.902
2160000 -32409.5 293.906 300.143 299.898
2180000 -32411.1 293.909 300.157 299.898
2200000 -32412.7 293.912 300.156 299.902
2220000 -32414.2 293.911 300.15 299.903
2240000 -32415.8 293.916 300.147 299.909
2260000 -32417.3 293.919 300.149 299.913
2280000 -32418.7 293.926 300.149 299.922
2300000 -32420.2 293.924 300.158 299.918
2320000 -32421.7 293.921 300.145 299.917
2340000 -32423.1 293.914 300.136 299.911
2360000 -32424.5 293.911 300.118 299.911
2380000 -32425.8 293.898 300.092 299.903
2400000 -32427.2 293.888 300.09 299.889
2420000 -32428.5 293.88 300.064 299.887
2440000 -32429.8 293.874 300.083 299.873
2460000 -32431.1 293.865 300.067 299.866
2480000 -32432.4 293.864 300.085 299.859
2500000 -32433.6 293.864 300.077 299.862
2520000 -32434.8 293.867 300.096 299.86
2540000 -32436.1 293.857 300.047 299.862
2560000 -32437.3 293.848 300.051 299.849
2580000 -32438.5 293.843 300.057 299.84
2600000 -32439.7 293.84 300.051 299.837
2620000 -32440.9 293.851 300.073 299.845
2640000 -32442 293.859 300.097 299.849
2660000 -32443.2 293.854 300.067 299.851
2680000 -32444.3 293.859 300.091 299.851
2700000 -32445.4 293.856 300.082 299.85
2720000 -32446.7 293.855 300.072 299.851
2740000 -32448.4 293.861 300.064 299.862
2760000 -32450.2 293.864 300.073 299.863
2780000 -32451.9 293.869 300.076 299.868
2800000 -32453.6 293.851 300.057 299.851
2820000 -32455.3 293.851 300.048 299.854
2840000 -32456.9 293.858 300.037 299.866
2860000 -32458.5 293.862 300.051 299.867
2880000 -32460.2 293.871 300.066 299.875
2900000 -32461.7 293.867 300.06 299.871
2920000 -32463.3 293.863 300.066 299.864
2940000 -32464.9 293.866 300.057 299.87
2960000 -32466.4 293.863 300.062 299.865
2980000 -32467.9 293.87 300.051 299.877
3000000 -32469.4 293.863 300.028 299.876
3020000 -32470.9 293.865 300.039 299.874
3040000 -32472.3 293.86 300.043 299.867
3060000 -32473.8 293.862 300.054 299.866
3080000 -32475.1 293.867 300.047 299.875
3100000 -32476.5 293.859 300.047 299.864
3120000 -32477.9 293.868 300.057 299.873
3140000 -32479.3 293.868 300.042 299.878
3160000 -32480.6 293.867 300.039 299.877
3180000 -32481.9 293.861 300.042 299.869
3200000 -32483.3 293.868 300.045 299.876
3220000 -32484.6 293.867 300.035 299.878
3240000 -32485.9 293.866 300.022 299.88
3260000 -32487.6 293.868 300.035 299.88
3280000 -32489.3 293.868 300.033 299.88
3300000 -32490.9 293.862 300.018 299.877
3320000 -32492.5 293.857 300.012 299.871
3340000 -32494.1 293.854 300.023 299.865
3360000 -32495.7 293.85 300.016 299.862
3380000 -32497.3 293.845 300.007 299.857
3400000 -32498.9 293.84 300.004 299.851
3420000 -32500.4 293.84 300 299.853
3440000 -32501.9 293.84 300.006 299.85
3460000 -32503.4 293.84 300.014 299.849
3480000 -32504.9 293.842 300.013 299.852
3500000 -32506.4 293.848 300.004 299.862
3520000 -32507.8 293.846 300.008 299.858
3540000 -32509.3 293.85 300.015 299.862
3560000 -32510.7 293.848 300.018 299.858
3580000 -32512.1 293.854 300.028 299.863
3600000 -32513.5 293.856 300.032 299.865
3620000 -32514.9 293.858 300.031 299.867
3640000 -32516.3 293.86 300.032 299.87
3660000 -32517.6 293.857 300.028 299.867
3680000 -32519 293.856 300.025 299.866
3700000 -32520.9 293.855 300.017 299.868
3720000 -32522.7 293.853 300.008 299.868
3740000 -32524.5 293.856 300.011 299.871
3760000 -32526.3 293.864 300.019 299.878
3780000 -32528.1 293.865 300.007 299.884
3800000 -32529.9 293.862 300.002 299.88
3820000 -32531.6 293.859 299.999 299.878
3840000 -32533.3 293.858 299.995 299.878
3860000 -32535.1 293.855 300 299.873
3880000 -32536.8 293.855 300.007 299.87
3900000 -32538.5 293.85 300.005 299.865
3920000 -32540.1 293.854 300.008 299.869
3940000 -32541.8 293.855 300 299.872
3960000 -32543.4 293.86 300.005 299.878
3980000 -32545 293.857 300.004 299.874
4000000 -32546.6 293.858 300.004 299.875
4020000 -32548.2 293.861 299.996 299.881
4040000 -32549.8 293.87 300.003 299.892
4060000 -32551.4 293.871 299.995 299.896
4080000 -32553 293.872 299.988 299.898
4100000 -32554.5 293.871 299.995 299.895
4120000 -32556 293.874 299.992 299.9
4140000 -32557.6 293.878 300.011 299.9
4160000 -32559 293.878 300.01 299.9
4180000 -32560.5 293.878 300.006 299.901
4200000 -32562 293.879 300.006 299.903
4220000 -32563.5 293.882 300.008 299.906
4240000 -32564.9 293.888 300.007 299.914
4260000 -32566.4 293.887 300.005 299.913
4280000 -32567.8 293.887 300.003 299.914
4300000 -32569.2 293.889 300.009 299.915
4320000 -32570.6 293.89 300 299.918
4340000 -32572.1 293.886 300 299.914
4360000 -32573.4 293.887 299.993 299.916
4380000 -32574.8 293.885 299.985 299.917
4400000 -32576.2 293.882 299.975 299.915
4420000 -32577.5 293.88 299.976 299.913
4440000 -32578.9 293.878 299.979 299.909
4460000 -32580.5 293.875 299.984 299.904
4480000 -32582.2 293.874 299.982 299.903
4500000 -32583.9 293.871 299.994 299.896
4520000 -32585.6 293.872 300 299.895
4540000 -32587.3 293.875 299.992 299.901
4560000 -32588.9 293.873 300.002 299.895
4580000 -32590.6 293.876 300.007 299.898
4600000 -32592.3 293.874 300.001 299.897
4620000 -32594 293.88 300.012 299.901
4640000 -32595.6 293.883 300.027 299.901
4660000 -32597.2 293.887 300.035 299.905
4680000 -32598.8 293.881 300.033 299.898
4700000 -32600.6 293.883 300.038 299.899
4720000 -32602.5 293.883 300.035 299.9
4740000 -32604.4 293.884 300.035 299.9
4760000 -32606.3 293.885 300.041 299.9
4780000 -32608.2 293.885 300.04 299.9
4800000 -32610.1 293.889 300.038 299.906
4820000 -32612 293.892 300.042 299.909
4840000 -32613.8 293.894 300.049 299.909
4860000 -32615.7 293.892 300.042 299.91
4880000 -32617.5 293.897 300.042 299.916
4900000 -32619.3 293.901 300.043 299.921
4920000 -32621.2 293.901 300.044 299.921
4940000 -32623 293.904 300.052 299.921
4960000 -32624.8 293.908 300.059 299.926
4980000 -32626.6 293.91 300.068 299.925
5000000 -32628.4 293.906 300.067 299.92
5020000 -32630.1 293.9 300.059 299.915
5040000 -32631.9 293.896 300.051 299.912
5060000 -32633.7 293.899 300.043 299.918
5080000 -32635.5 293.895 300.04 299.914
5100000 -32637.2 293.893 300.037 299.912
5120000 -32638.9 293.89 300.04 299.907
5140000 -32640.6 293.894 300.051 299.908
5160000 -32642.3 293.893 300.043 299.91
5180000 -32644 293.896 300.048 299.912
5200000 -32645.7 293.896 300.051 299.912
5220000 -32647.4 293.893 300.053 299.907
5240000 -32649.1 293.888 300.047 299.903
5260000 -32650.7 293.889 300.042 299.905
5280000 -32652.4 293.892 300.043 299.909
5300000 -32654 293.888 300.035 299.906
5320000 -32655.6 293.889 300.035 299.907
5340000 -32657.2 293.89 300.03 299.91
5360000 -32658.8 293.895 300.034 299.916
5380000 -32660.4 293.897 300.038 299.917
5400000 -32662 293.899 300.034 299.921
5420000 -32663.5 293.902 300.032 299.925
5440000 -32665.1 293.898 300.023 299.923
5460000 -32666.6 293.897 300.019 299.922
5480000 -32668.2 293.897 300.027 299.92
5500000 -32669.7 293.901 300.031 299.924
5520000 -32671.5 293.901 300.031 299.924
5540000 -32673.3 293.904 300.043 299.925
5560000 -32675.2 293.902 300.043 299.922
5580000 -32677 293.908 300.06 299.925
5600000 -32678.9 293.907 300.058 299.924
5620000 -32680.7 293.906 300.057 299.923
5640000 -32682.5 293.906 300.058 299.923
5660000 -32684.3 293.91 300.058 299.928
5680000 -32686.1 293.909 300.048 299.93
5700000 -32687.9 293.907 300.037 299.93
5720000 -32689.7 293.907 300.034 299.932
5740000 -32691.4 293.907 300.033 299.932
5760000 -32693.2 293.909 300.031 299.934
5780000 -32694.9 293.907 300.029 299.933
5800000 -32696.7 293.912 300.038 299.937
5820000 -32698.4 293.915 300.042 299.94
5840000 -32700.1 293.915 300.045 299.938
5860000 -32701.8 293.915 300.041 299.939
5880000 -32703.5 293.914 300.04 299.938
5900000 -32705.2 293.913 300.034 299.94
5920000 -32706.8 293.912 300.028 299.94
5940000 -32708.5 293.912 300.032 299.939
5960000 -32710.2 293.908 300.022 299.936
5980000 -32711.8 293.912 300.034 299.938
6000000 -32713.4 293.911 300.032 299.937
6020000 -32715.1 293.914 300.037 299.94
6040000 -32716.7 293.914 300.039 299.939
6060000 -32718.3 293.914 300.031 299.941
6080000 -32719.8 293.915 300.034 299.942
6100000 -32721.4 293.915 300.039 299.94
6120000 -32723 293.914 300.041 299.938
6140000 -32724.6 293.916 300.044 299.94
6160000 -32726.1 293.912 300.035 299.938
6180000 -32727.7 293.907 300.024 299.933
6200000 -32729.2 293.904 300.013 299.933
6220000 -32730.7 293.901 300.009 299.931
6240000 -32732.2 293.903 300.005 299.934
6260000 -32733.8 293.9 299.996 299.933
6280000 -32735.3 293.901 299.994 299.935
6300000 -32736.8 293.899 299.985 299.935
6320000 -32738.2 293.904 299.99 299.94
6340000 -32739.7 293.904 299.986 299.941
6360000 -32741.2 293.904 299.986 299.941
6380000 -32742.6 293.902 299.986 299.939
6400000 -32744.1 293.901 299.985 299.938
6420000 -32745.6 293.899 299.982 299.936
6440000 -32747 293.898 299.98 299.934
6460000 -32748.4 293.894 299.982 299.929
6480000 -32749.8 293.895 299.977 299.932
6500000 -32751.3 293.893 299.979 299.928
6520000 -32752.7 293.892 299.972 299.93
6540000 -32754.1 293.893 299.976 299.93
6560000 -32755.5 293.895 299.973 299.933
6580000 -32756.9 293.896 299.978 299.932
6600000 -32758.3 293.893 299.978 299.929
6620000 -32759.7 293.893 299.978 299.929
6640000 -32761.1 293.891 299.975 299.927
6660000 -32762.4 293.892 299.985 299.925
6680000 -32763.8 293.893 299.988 299.926
6700000 -32765.1 293.889 299.981 299.923
6720000 -32766.6 293.89 299.971 299.927
6740000 -32768.1 293.895 299.971 299.934
6760000 -32770 293.896 299.973 299.934
6780000 -32772.1 293.893 299.969 299.932
6800000 -32774.2 293.895 299.97 299.935
6820000 -32776.3 293.896 299.974 299.934
6840000 -32778.4 293.898 299.98 299.935
6860000 -32780.4 293.896 299.982 299.932
6880000 -32782.6 293.899 299.988 299.934
6900000 -32785 293.9 299.988 299.936
6920000 -32787.3 293.901 299.976 299.94
6940000 -32789.6 293.902 299.976 299.942
6960000 -32791.9 293.905 299.977 299.945
6980000 -32794.2 293.903 299.974 299.944
7000000 -32796.5 293.905 299.979 299.944
7020000 -32798.8 293.902 299.977 299.941
7040000 -32801 293.904 299.975 299.945
7060000 -32803.3 293.906 299.98 299.945
7080000 -32805.6 293.907 299.982 299.946
7100000 -32807.8 293.905 299.985 299.943
7120000 -32810 293.904 299.985 299.941
7140000 -32812.3 293.901 299.977 299.94
7160000 -32814.5 293.9 299.985 299.936
7180000 -32816.7 293.903 299.983 299.94
7200000 -32819.1 293.904 299.986 299.941
7220000 -32821.5 293.9 299.979 299.938
7240000 -32823.8 293.898 299.977 299.936
7260000 -32826.1 293.896 299.97 299.936
7280000 -32828.4 293.896 299.972 299.935
7300000 -32830.7 293.895 299.962 299.936
7320000 -32833 293.896 299.96 299.939
7340000 -32835.2 293.896 299.963 299.938
7360000 -32837.5 293.893 299.957 299.935
7380000 -32839.8 293.889 299.959 299.93
7400000 -32842 293.892 299.962 299.933
7420000 -32844.2 293.89 299.955 299.931
7440000 -32846.4 293.89 299.957 299.931
7460000 -32848.6 293.894 299.956 299.937
7480000 -32850.8 293.896 299.953 299.94
7500000 -32853 293.897 299.958 299.941
7520000 -32855.1 293.896 299.962 299.938
7540000 -32857.3 293.896 299.96 299.939
7560000 -32859.5 293.894 299.957 299.936
7580000 -32861.6 293.896 299.957 299.939
7600000 -32863.7 293.898 299.955 299.942
7620000 -32865.8 293.898 299.953 299.943
7640000 -32867.9 293.902 299.955 299.948
7660000 -32870 293.9 299.951 299.946
7680000 -32872.1 293.902 299.952 299.948
7700000 -32874.2 293.898 299.945 299.946
7720000 -32876.3 293.898 299.946 299.945
7740000 -32878.4 293.902 299.95 299.949
7760000 -32880.5 293.903 299.953 299.95
7780000 -32882.5 293.902 299.953 299.948
7800000 -32884.6 293.906 299.949 299.955
7820000 -32886.6 293.909 299.953 299.958
7840000 -32888.6 293.91 299.953 299.959
7860000 -32890.6 293.909 299.953 299.958
7880000 -32892.6 293.907 299.954 299.955
7900000 -32894.6 293.909 299.951 299.958
7920000 -32896.6 293.907 299.954 299.955
7940000 -32898.6 293.909 299.955 299.957
7960000 -32900.5 293.909 299.957 299.957
7980000 -32902.5 293.915 299.962 299.963
8000000 -32904.4 293.916 299.962 299.964
8020000 -32906.3 293.914 299.958 299.963
8040000 -32908.3 293.915 299.953 299.965
8060000 -32910.2 293.915 299.952 299.966
8080000 -32912.1 293.916 299.954 299.966
8100000 -32914 293.917 299.956 299.967
8120000 -32915.9 293.918 299.958 299.968
8140000 -32917.7 293.919 299.957 299.969
8160000 -32919.6 293.92 299.954 299.972
8180000 -32921.5 293.922 299.952 299.975
8200000 -32923.4 293.924 299.958 299.976
8220000 -32925.2 293.925 299.958 299.977
8240000 -32927.1 293.926 299.954 299.979
8260000 -32928.9 293.924 299.951 299.979
8280000 -32930.7 293.924 299.952 299.977
8300000 -32932.5 293.923 299.941 299.979
8320000 -32934.4 293.921 299.933 299.98
8340000 -32936.2 293.922 299.934 299.98
8360000 -32938 293.917 299.934 299.973
8380000 -32939.7 293.921 299.94 299.978
8400000 -32941.5 293.922 299.942 299.978
8420000 -32943.3 293.922 299.943 299.977
8440000 -32945.1 293.919 299.942 299.974
8460000 -32946.8 293.919 299.937 299.975
8480000 -32948.6 293.917 299.935 299.974
8500000 -32950.3 293.915 299.936 299.97
8520000 -32952 293.917 299.944 299.971
8540000 -32953.8 293.916 299.939 299.971
8560000 -32955.5 293.916 299.939 299.97
8580000 -32957.2 293.918 299.945 299.971
8600000 -32958.9 293.918 299.951 299.969
8620000 -32960.6 293.918 299.944 299.972
8640000 -32962.3 293.919 299.945 299.972
8660000 -32964 293.92 299.944 299.975
8680000 -32965.7 293.92 299.94 299.975
8700000 -32967.4 293.918 299.942 299.972
8720000 -32969 293.919 299.946 299.973
8740000 -32970.7 293.92 299.949 299.973
8760000 -32972.3 293.923 299.945 299.979
8780000 -32974 293.923 299.945 299.979
8800000 -32975.6 293.923 299.944 299.978
8820000 -32977.2 293.921 299.94 299.978
8840000 -32978.8 293.92 299.941 299.975
8860000 -32980.5 293.922 299.941 299.978
8880000 -32982.1 293.924 299.944 299.98
8900000 -32983.7 293.925 299.944 299.982
8920000 -32985.3 293.925 299.941 299.982
8940000 -32986.8 293.926 299.944 299.982
8960000 -32988.4 293.929 299.953 299.984
8980000 -32990 293.93 299.957 299.984
9000000 -32991.6 293.931 299.961 299.985
9020000 -32993.1 293.934 299.963 299.987
9040000 -32994.7 293.933 299.961 299.987
9060000 -32996.2 293.934 299.958 299.989
9080000 -32997.7 293.934 299.958 299.989
9100000 -32999.2 293.935 299.962 299.99
9120000 -33000.7 293.936 299.965 299.99
9140000 -33002.3 293.935 299.966 299.988
9160000 -33003.8 293.933 299.966 299.986
9180000 -33005.2 293.933 299.964 299.986
9200000 -33006.7 293.937 299.964 299.991
9220000 -33008.2 293.936 299.961 299.992
9240000 -33009.7 293.935 299.969 299.987
9260000 -33011.2 293.932 299.963 299.985
9280000 -33012.6 293.931 299.963 299.983
9300000 -33014.1 293.93 299.959 299.984
9320000 -33015.5 293.927 299.957 299.98
9340000 -33017 293.928 299.958 299.981
9360000 -33018.4 293.928 299.952 299.983
9380000 -33019.9 293.928 299.952 299.983
9400000 -33021.3 293.929 299.953 299.984
9420000 -33022.7 293.929 299.956 299.983
9440000 -33024.2 293.927 299.957 299.981
9460000 -33025.6 293.926 299.955 299.979
9480000 -33027 293.925 299.953 299.979
9500000 -33028.3 293.926 299.956 299.978
9520000 -33029.7 293.928 299.957 299.981
9540000 -33031.1 293.928 299.953 299.982
9560000 -33032.5 293.929 299.954 299.984
9580000 -33033.9 293.932 299.952 299.987
9600000 -33035.2 293.93 299.952 299.986
9620000 -33036.6 293.932 299.953 299.988
9640000 -33038 293.934 299.956 299.99
9660000 -33039.3 293.935 299.954 299.992
9680000 -33040.7 293.934 299.959 299.988
9700000 -33042 293.934 299.96 299.988
9720000 -33043.4 293.935 299.964 299.989
9740000 -33044.7 293.936 299.961 299.991
9760000 -33046 293.934 299.963 299.987
9780000 -33047.4 293.938 299.969 299.99
9800000 -33048.7 293.937 299.97 299.989
9820000 -33050 293.937 299.967 299.991
9840000 -33051.3 293.939 299.967 299.993
9860000 -33052.6 293.939 299.966 299.993
9880000 -33053.9 293.94 299.969 299.994
9900000 -33055.2 293.938 299.964 299.992
9920000 -33056.5 293.937 299.962 299.992
9940000 -33057.8 293.937 299.961 299.993
9960000 -33059.1 293.937 299.96 299.992
9980000 -33060.3 293.937 299.958 299.993
10000000 -33061.6 293.938 299.959 299.993
10020000 -33065.7 293.938 299.958 299.994
10040000 -33070.5 293.938 299.954 299.995
10060000 -33075.4 293.936 299.95 299.993
10080000 -33080.2 293.937 299.955 299.993
10100000 -33085 293.935 299.954 299.99
