# Time-averaged data for fix E1
# TimeStep c_PE c_Tav c_T1 c_Tm
20000 -17800.1 289.658 299.367 300.673
40000 -17800.6 289.406 298.889 300.555
60000 -17800.3 289.561 299.049 300.717
80000 -17800.3 289.454 299.573 300.186
100000 -17800.7 289.231 298.939 300.222
120000 -17800.7 289.364 299.405 300.141
140000 -17800.8 289.41 299.496 300.16
160000 -17800.6 289.461 299.69 300.12
180000 -17800.4 289.592 299.734 300.317
200000 -17800.4 289.568 299.768 300.252
220000 -17800.5 289.613 299.746 300.345
240000 -17800.6 289.64 299.962 300.249
260000 -17800.7 289.65 300.051 300.207
280000 -17800.6 289.695 300.109 300.245
300000 -17800.6 289.676 300.209 300.148
320000 -17800.6 289.611 300.178 300.056
340000 -17800.5 289.627 300.199 300.069
360000 -17800.6 289.614 300.139 300.086
380000 -17800.6 289.622 300.076 300.142
400000 -17800.7 289.501 299.932 300.028
420000 -17800.7 289.456 299.922 299.958
440000 -17800.8 289.422 299.71 300.04
460000 -17800.9 289.402 299.625 300.062
480000 -17800.9 289.394 299.529 300.111
500000 -17800.9 289.425 299.577 300.132
520000 -17800.9 289.435 299.637 300.11
540000 -17800.8 289.419 299.701 300.04
560000 -17800.8 289.444 299.777 300.034
580000 -17800.8 289.495 299.871 300.059
600000 -17800.8 289.475 299.856 300.034
620000 -17800.9 289.456 299.858 300.001
640000 -17800.9 289.409 299.842 299.93
660000 -17801 289.384 299.847 299.884
680000 -17801.1 289.398 299.848 299.907
700000 -17801.2 289.418 299.881 299.92
720000 -17801.2 289.435 299.858 299.964
740000 -17801.3 289.445 299.864 299.977
760000 -17801.3 289.42 299.839 299.952
780000 -17801.3 289.408 299.863 299.914
800000 -17801.4 289.402 299.883 299.89
820000 -17801.4 289.398 299.878 299.887
840000 -17801.4 289.4 299.881 299.889
860000 -17801.3 289.402 299.878 299.894
880000 -17801.3 289.382 299.869 299.866
900000 -17801.2 289.397 299.828 299.918
920000 -17801.2 289.364 299.799 299.882
940000 -17801.7 289.409 299.875 299.908
960000 -17803.7 289.403 299.894 299.885
980000 -17805.7 289.454 299.92 299.957
1000000 -17807.5 289.487 299.982 299.971
1020000 -17809.4 289.496 300.016 299.964
1040000 -17811.1 289.463 299.972 299.938
1060000 -17812.8 289.434 299.971 299.888
1080000 -17814.4 289.425 300.007 299.848
1100000 -17816 289.41 299.969 299.847
1120000 -17817.5 289.394 299.951 299.832
1140000 -17818.9 289.405 299.93 299.865
1160000 -17820.3 289.371 299.87 299.845
1180000 -17821.7 289.376 299.88 299.847
1200000 -17823 289.394 299.889 299.873
1220000 -17824.3 289.411 299.924 299.879
1240000 -17825.5 289.42 299.949 299.877
1260000 -17826.7 289.413 299.958 299.86
1280000 -17827.9 289.421 299.96 299.871
1300000 -17829.1 289.411 299.923 299.88
1320000 -17830.2 289.392 299.909 299.857
1340000 -17831.3 289.385 299.891 299.856
1360000 -17832.4 289.385 299.889 299.857
1380000 -17833.4 289.383 299.882 299.859
1400000 -17834.4 289.398 299.92 299.859
1420000 -17835.4 289.395 299.874 299.885
1440000 -17836.3 289.393 299.842 299.903
1460000 -17837.2 289.401 299.888 299.886
1480000 -17838.1 289.397 299.869 299.891
1500000 -17838.9 289.416 299.881 299.916
1520000 -17839.7 289.405 299.864 299.909
1540000 -17840.5 289.403 299.856 299.91
1560000 -17841.3 289.413 299.861 299.924
1580000 -17842 289.428 299.873 299.941
1600000 -17842.8 289.433 299.878 299.947
1620000 -17843.5 289.433 299.882 299.944
1640000 -17844.2 289.426 299.877 299.936
1660000 -17844.9 289.414 299.852 299.932
1680000 -17845.6 289.408 299.851 299.922
1700000 -17846.2 289.421 299.868 299.933
1720000 -17846.9 289.408 299.855 299.919
1740000 -17847.6 289.387 299.813 299.912
1760000 -17848.2 289.382 299.801 299.911
1780000 -17848.8 289.394 299.813 299.924
1800000 -17849.4 289.408 299.801 299.955
1820000 -17850 289.433 299.824 299.983
1840000 -17850.6 289.431 299.804 299.993
1860000 -17851.1 289.436 299.824 299.988
1880000 -17851.6 289.435 299.818 299.991
1900000 -17852.2 289.414 299.814 299.957
1920000 -17852.7 289.415 299.836 299.945
1940000 -17853.2 289.406 299.827 299.935
1960000 -17853.6 289.403 299.813 299.939
1980000 -17854.1 289.416 299.832 299.949
2000000 -17854.6 289.426 299.84 299.96
2020000 -17855 289.422 299.845 299.951
2040000 -17855.5 289.423 299.84 299.955
2060000 -17855.9 289.434 299.85 299.968
2080000 -17856.4 289.426 299.832 299.966
2100000 -17856.8 289.431 299.835 299.971
2120000 -17857.3 289.431 299.858 299.957
2140000 -17857.7 289.428 299.858 299.952
2160000 -17858.1 289.423 299.853 299.946
2180000 -17858.5 289.434 299.87 299.955
2200000 -17858.9 289.434 299.862 299.96
2220000 -17859.2 289.439 299.875 299.959
2240000 -17860.4 289.434 299.878 299.95
2260000 -17861.6 289.431 299.852 299.961
2280000 -17862.8 289.437 299.874 299.957
2300000 -17864 289.439 299.867 299.965
2320000 -17865.1 289.447 299.874 299.975
2340000 -17866.2 289.446 299.874 299.972
2360000 -17867.3 289.45 299.883 299.974
2380000 -17868.4 289.439 299.88 299.956
2400000 -17869.6 289.434 299.872 299.952
2420000 -17870.7 289.43 299.873 299.945
2440000 -17871.7 289.437 299.871 299.958
2460000 -17872.8 289.437 299.861 299.965
2480000 -17873.9 289.435 299.858 299.964
2500000 -17874.9 289.423 299.845 299.952
2520000 -17876 289.42 299.849 299.943
2540000 -17877 289.432 299.879 299.944
2560000 -17878 289.44 299.879 299.959
2580000 -17879 289.44 299.876 299.962
2600000 -17879.9 289.434 299.873 299.952
2620000 -17880.9 289.422 299.849 299.948
2640000 -17882.1 289.436 299.849 299.972
2660000 -17883.8 289.429 299.85 299.96
2680000 -17885.4 289.432 299.85 299.965
2700000 -17887.1 289.443 299.852 299.982
2720000 -17888.7 289.453 299.855 299.996
2740000 -17890.3 289.442 299.854 299.98
2760000 -17891.9 289.446 299.875 299.971
2780000 -17893.4 289.443 299.875 299.966
2800000 -17895 289.451 299.887 299.973
2820000 -17896.5 289.449 299.892 299.966
2840000 -17898 289.447 299.885 299.967
2860000 -17899.4 289.455 299.885 299.981
2880000 -17900.9 289.457 299.891 299.98
2900000 -17902.3 289.462 299.906 299.978
2920000 -17903.8 289.472 299.931 299.98
2940000 -17905.2 289.467 299.909 299.984
2960000 -17906.6 289.454 299.89 299.976
2980000 -17908 289.447 299.886 299.967
3000000 -17909.3 289.445 299.873 299.971
3020000 -17910.7 289.442 299.866 299.97
3040000 -17912 289.438 299.856 299.971
3060000 -17913.3 289.436 299.847 299.972
3080000 -17914.6 289.437 299.853 299.97
3100000 -17915.9 289.435 299.854 299.967
3120000 -17917.1 289.435 299.854 299.966
3140000 -17918.4 289.439 299.862 299.968
3160000 -17919.6 289.429 299.848 299.961
3180000 -17920.8 289.43 299.853 299.959
3200000 -17922 289.439 299.855 299.974
3220000 -17923.2 289.444 299.867 299.974
3240000 -17924.3 289.441 299.866 299.969
3260000 -17925.5 289.447 299.868 299.978
3280000 -17926.6 289.459 299.874 299.995
3300000 -17927.7 289.463 299.871 300.004
3320000 -17928.8 289.477 299.89 300.016
3340000 -17929.9 289.482 299.885 300.027
3360000 -17931 289.482 299.879 300.031
3380000 -17932.1 289.479 299.868 300.033
3400000 -17933.2 289.472 299.858 300.028
3420000 -17934.2 289.473 299.845 300.038
3440000 -17935.2 289.463 299.83 300.03
3460000 -17936.3 289.475 299.838 300.046
3480000 -17937.3 289.474 299.832 300.049
3500000 -17938.3 289.487 299.844 300.063
3520000 -17939.3 289.487 299.834 300.069
3540000 -17940.2 289.495 299.851 300.072
3560000 -17941.2 289.497 299.851 300.075
3580000 -17942.2 289.506 299.852 300.09
3600000 -17943.1 289.515 299.858 300.102
3620000 -17944.1 289.511 299.861 300.093
3640000 -17945 289.499 299.847 300.082
3660000 -17945.9 289.494 299.842 300.076
3680000 -17946.8 289.495 299.842 300.077
3700000 -17947.7 289.491 299.832 300.078
3720000 -17948.6 289.487 299.822 300.077
3740000 -17949.5 289.482 299.821 300.069
3760000 -17950.4 289.482 299.825 300.067
3780000 -17951.2 289.474 299.811 300.063
3800000 -17952.1 289.479 299.808 300.073
3820000 -17952.9 289.481 299.81 300.075
3840000 -17953.7 289.481 299.815 300.071
3860000 -17954.6 289.477 299.809 300.069
3880000 -17955.4 289.48 299.816 300.071
3900000 -17956.2 289.485 299.818 300.076
3920000 -17957 289.474 299.808 300.064
3940000 -17957.8 289.488 299.827 300.076
3960000 -17958.5 289.494 299.847 300.073
3980000 -17959.3 289.496 299.848 300.075
4000000 -17960.1 289.497 299.839 300.084
4020000 -17960.9 289.491 299.838 300.074
4040000 -17961.6 289.488 299.835 300.07
4060000 -17962.4 289.483 299.837 300.061
4080000 -17963.1 289.487 299.843 300.064
4100000 -17963.8 289.488 299.841 300.067
4120000 -17964.5 289.486 299.836 300.067
4140000 -17965.3 289.488 299.85 300.061
4160000 -17966 289.486 299.843 300.062
4180000 -17966.7 289.485 299.84 300.061
4200000 -17967.4 289.486 299.843 300.062
4220000 -17968.1 289.495 299.85 300.072
4240000 -17968.8 289.498 299.852 300.076
4260000 -17969.5 289.496 299.861 300.067
4280000 -17970.1 289.486 299.858 300.052
4300000 -17970.8 289.481 299.845 300.051
4320000 -17971.5 289.487 299.857 300.055
4340000 -17972.1 289.487 299.862 300.051
4360000 -17972.8 289.495 299.874 300.057
4380000 -17973.4 289.495 299.868 300.06
4400000 -17974.1 289.498 299.874 300.062
4420000 -17974.7 289.495 299.867 300.062
4440000 -17975.4 289.483 299.856 300.049
4460000 -17976 289.491 299.867 300.055
4480000 -17976.6 289.486 299.862 300.049
4500000 -17977.3 289.48 299.852 300.045
4520000 -17977.9 289.472 299.842 300.039
4540000 -17978.5 289.471 299.837 300.041
4560000 -17979.1 289.47 299.844 300.034
4580000 -17979.7 289.474 299.852 300.035
4600000 -17980.3 289.481 299.854 300.046
4620000 -17980.9 289.484 299.856 300.051
4640000 -17981.5 289.478 299.85 300.043
4660000 -17982.1 289.476 299.84 300.047
4680000 -17982.6 289.483 299.844 300.056
4700000 -17983.2 289.481 299.85 300.048
4720000 -17983.8 289.482 299.847 300.052
4740000 -17984.3 289.477 299.843 300.046
4760000 -17984.9 289.478 299.857 300.039
4780000 -17985.4 289.478 299.851 300.042
4800000 -17986 289.476 299.845 300.044
4820000 -17986.5 289.478 299.853 300.041
4840000 -17987.1 289.48 299.849 300.047
4860000 -17987.6 289.481 299.849 300.05
4880000 -17988.2 289.485 299.863 300.046
4900000 -17988.7 289.485 299.858 300.05
4920000 -17989.2 289.486 299.863 300.048
4940000 -17989.8 289.485 299.852 300.055
4960000 -17990.3 289.481 299.853 300.047
4980000 -17990.8 289.478 299.851 300.044
5000000 -17991.3 289.478 299.841 300.049
5020000 -17991.8 289.474 299.833 300.048
5040000 -17992.3 289.475 299.837 300.048
5060000 -17992.8 289.48 299.846 300.05
5080000 -17993.3 289.478 299.84 300.05
5100000 -17993.8 289.481 299.838 300.056
5120000 -17994.3 289.479 299.845 300.048
5140000 -17994.8 289.472 299.84 300.039
5160000 -17995.3 289.476 299.844 300.044
5180000 -17995.8 289.477 299.848 300.042
5200000 -17996.2 289.475 299.844 300.043
5220000 -17996.7 289.473 299.834 300.046
5240000 -17997.1 289.47 299.833 300.041
5260000 -17997.6 289.469 299.829 300.042
5280000 -17998.3 289.468 299.825 300.043
5300000 -17999.1 289.465 299.822 300.039
5320000 -17999.9 289.462 299.826 300.033
5340000 -18000.7 289.46 299.833 300.023
5360000 -18001.4 289.458 299.831 300.021
5380000 -18002.2 289.454 299.828 300.017
5400000 -18002.9 289.452 299.834 300.01
5420000 -18003.7 289.45 299.83 300.009
5440000 -18004.4 289.446 299.827 300.003
5460000 -18005.2 289.439 299.825 299.993
5480000 -18005.9 289.441 299.822 299.998
5500000 -18006.6 289.439 299.817 299.999
5520000 -18007.4 289.437 299.808 300
5540000 -18008.1 289.441 299.814 300.004
5560000 -18008.8 289.437 299.805 300.002
5580000 -18009.6 289.444 299.812 300.01
5600000 -18010.6 289.443 299.818 300.005
5620000 -18011.7 289.447 299.819 300.011
5640000 -18012.7 289.448 299.827 300.006
5660000 -18013.8 289.446 299.826 300.003
5680000 -18014.8 289.44 299.827 299.993
5700000 -18015.9 289.44 299.829 299.992
5720000 -18016.9 289.438 299.82 299.995
5740000 -18017.9 289.437 299.821 299.992
5760000 -18018.9 289.434 299.813 299.991
5780000 -18020 289.436 299.821 299.99
5800000 -18021 289.436 299.816 299.993
5820000 -18022 289.436 299.816 299.994
5840000 -18023 289.436 299.817 299.993
5860000 -18024 289.433 299.819 299.987
5880000 -18025 289.435 299.823 299.986
5900000 -18025.9 289.436 299.827 299.986
5920000 -18026.9 289.436 299.828 299.987
5940000 -18027.9 289.441 299.836 299.989
5960000 -18028.8 289.446 299.839 299.996
5980000 -18029.8 289.449 299.838 300.001
6000000 -18030.7 289.452 299.85 299.999
6020000 -18031.7 289.449 299.856 299.99
6040000 -18032.6 289.443 299.846 299.986
6060000 -18033.5 289.442 299.846 299.984
6080000 -18034.4 289.445 299.853 299.984
6100000 -18035.3 289.446 299.848 299.989
6120000 -18036.2 289.447 299.847 299.992
6140000 -18037.1 289.446 299.847 299.99
6160000 -18038 289.445 299.845 299.99
6180000 -18038.9 289.448 299.846 299.993
6200000 -18039.8 289.444 299.844 299.989
6220000 -18040.7 289.442 299.842 299.987
6240000 -18041.5 289.444 299.847 299.987
6260000 -18042.4 289.447 299.844 299.995
6280000 -18043.3 289.447 299.847 299.991
6300000 -18044.1 289.45 299.851 299.995
6320000 -18045 289.453 299.856 299.996
6340000 -18045.8 289.446 299.855 299.984
6360000 -18046.7 289.442 299.85 299.982
6380000 -18047.5 289.439 299.843 299.98
6400000 -18048.4 289.44 299.842 299.983
6420000 -18049.2 289.429 299.828 299.973
6440000 -18050 289.429 299.821 299.978
6460000 -18050.8 289.432 299.826 299.98
6480000 -18051.7 289.428 299.828 299.972
6500000 -18052.5 289.428 299.825 299.974
6520000 -18053.3 289.435 299.837 299.979
6540000 -18054.1 289.437 299.841 299.978
6560000 -18054.9 289.434 299.845 299.97
6580000 -18055.7 289.435 299.844 299.972
6600000 -18056.5 289.434 299.845 299.971
6620000 -18057.2 289.432 299.845 299.968
6640000 -18058 289.434 299.843 299.972
6660000 -18058.8 289.433 299.844 299.97
6680000 -18059.6 289.435 299.849 299.971
6700000 -18060.3 289.433 299.851 299.965
6720000 -18061.1 289.43 299.845 299.964
6740000 -18061.9 289.429 299.849 299.959
6760000 -18062.6 289.428 299.849 299.958
6780000 -18063.4 289.426 299.851 299.953
6800000 -18064.2 289.426 299.853 299.952
6820000 -18064.9 289.422 299.847 299.949
6840000 -18065.7 289.425 299.846 299.954
6860000 -18066.4 289.425 299.847 299.954
6880000 -18067.2 289.424 299.849 299.951
6900000 -18067.9 289.424 299.853 299.949
6920000 -18068.6 289.425 299.857 299.948
6940000 -18069.3 289.431 299.861 299.955
6960000 -18070 289.43 299.856 299.956
6980000 -18070.7 289.429 299.855 299.956
7000000 -18071.4 289.43 299.863 299.953
7020000 -18072.1 289.43 299.863 299.951
7040000 -18072.8 289.434 299.865 299.958
7060000 -18073.5 289.431 299.865 299.953
7080000 -18074.2 289.432 299.862 299.956
7100000 -18074.9 289.43 299.857 299.957
7120000 -18075.6 289.433 299.862 299.958
7140000 -18076.2 289.433 299.855 299.962
7160000 -18076.9 289.429 299.848 299.961
7180000 -18077.6 289.427 299.85 299.955
7200000 -18078.3 289.425 299.838 299.96
7220000 -18078.9 289.426 299.835 299.963
7240000 -18079.6 289.426 299.831 299.967
7260000 -18080.3 289.424 299.824 299.968
7280000 -18080.9 289.426 299.828 299.968
7300000 -18081.6 289.423 299.82 299.969
7320000 -18082.3 289.422 299.823 299.964
7340000 -18083.1 289.425 299.828 299.966
7360000 -18084 289.427 299.831 299.968
7380000 -18084.9 289.43 299.835 299.971
7400000 -18085.9 289.429 299.839 299.966
7420000 -18086.8 289.427 299.839 299.962
7440000 -18087.7 289.426 299.838 299.962
7460000 -18088.6 289.424 299.835 299.96
7480000 -18089.6 289.423 299.831 299.961
7500000 -18090.5 289.426 299.838 299.962
7520000 -18091.4 289.425 299.84 299.959
7540000 -18092.3 289.424 299.839 299.958
7560000 -18093.2 289.424 299.838 299.959
7580000 -18094.1 289.423 299.84 299.956
7600000 -18095 289.421 299.838 299.953
7620000 -18095.8 289.428 299.843 299.961
7640000 -18096.7 289.428 299.846 299.96
7660000 -18097.6 289.425 299.847 299.954
7680000 -18098.5 289.426 299.857 299.949
7700000 -18099.4 289.427 299.856 299.951
7720000 -18100.2 289.425 299.858 299.947
7740000 -18101.1 289.423 299.854 299.946
7760000 -18102 289.424 299.854 299.947
7780000 -18102.8 289.428 299.862 299.948
7800000 -18103.7 289.428 299.859 299.952
7820000 -18104.5 289.428 299.854 299.954
7840000 -18105.4 289.427 299.853 299.955
7860000 -18106.2 289.427 299.853 299.954
7880000 -18107 289.426 299.848 299.955
7900000 -18107.9 289.425 299.847 299.954
7920000 -18108.7 289.427 299.851 299.955
7940000 -18109.5 289.424 299.849 299.951
7960000 -18110.3 289.425 299.853 299.951
7980000 -18111.2 289.426 299.859 299.949
8000000 -18112 289.423 299.857 299.944
8020000 -18112.8 289.426 299.861 299.947
8040000 -18113.6 289.423 299.854 299.947
8060000 -18114.4 289.424 299.857 299.946
8080000 -18115.2 289.422 299.855 299.943
8100000 -18116 289.418 299.856 299.936
8120000 -18116.8 289.417 299.859 299.933
8140000 -18117.6 289.416 299.854 299.934
8160000 -18118.3 289.412 299.846 299.933
8180000 -18119.1 289.414 299.843 299.938
8200000 -18119.9 289.418 299.841 299.946
8220000 -18120.7 289.417 299.841 299.945
8240000 -18121.4 289.42 299.845 299.947
8260000 -18122.2 289.422 299.849 299.948
8280000 -18122.9 289.42 299.848 299.945
8300000 -18123.7 289.424 299.855 299.948
8320000 -18124.4 289.423 299.861 299.942
8340000 -18125.2 289.422 299.861 299.939
8360000 -18125.9 289.422 299.856 299.943
8380000 -18126.6 289.417 299.853 299.937
8400000 -18127.4 289.416 299.853 299.935
8420000 -18128.1 289.422 299.861 299.939
8440000 -18128.8 289.42 299.86 299.936
8460000 -18129.6 289.419 299.863 299.933
8480000 -18130.3 289.42 299.867 299.932
8500000 -18131 289.421 299.868 299.934
8520000 -18131.7 289.417 299.864 299.93
8540000 -18132.4 289.419 299.863 299.934
8560000 -18133.1 289.418 299.864 299.931
8580000 -18133.8 289.417 299.868 299.927
8600000 -18134.5 289.415 299.869 299.922
8620000 -18135.2 289.416 299.872 299.922
8640000 -18135.9 289.413 299.871 299.917
8660000 -18136.6 289.415 299.875 299.918
8680000 -18137.3 289.415 299.877 299.917
8700000 -18138 289.413 299.874 299.916
8720000 -18138.7 289.415 299.877 299.917
8740000 -18139.3 289.415 299.88 299.916
8760000 -18140 289.421 299.884 299.923
8780000 -18140.7 289.421 299.885 299.922
8800000 -18141.3 289.427 299.892 299.928
8820000 -18142 289.426 299.895 299.924
8840000 -18142.7 289.429 299.902 299.925
8860000 -18143.3 289.434 299.903 299.932
8880000 -18144 289.434 299.904 299.932
8900000 -18144.7 289.437 299.909 299.933
8920000 -18145.3 289.432 299.912 299.923
8940000 -18146 289.435 299.913 299.927
8960000 -18146.6 289.436 299.913 299.93
8980000 -18147.3 289.436 299.913 299.93
9000000 -18147.9 289.436 299.914 299.93
9020000 -18148.6 289.432 299.915 299.921
9040000 -18149.2 289.436 299.922 299.924
9060000 -18149.9 289.433 299.923 299.918
9080000 -18150.5 289.43 299.921 299.914
9100000 -18151.1 289.429 299.922 299.912
9120000 -18151.7 289.426 299.917 299.91
9140000 -18152.4 289.425 299.919 299.907
9160000 -18153 289.425 299.918 299.907
9180000 -18153.6 289.42 299.912 299.902
9200000 -18154.2 289.425 299.915 299.908
9220000 -18154.8 289.422 299.91 299.907
9240000 -18155.4 289.419 299.909 299.903
9260000 -18156.1 289.418 299.906 299.903
9280000 -18156.9 289.419 299.91 299.902
9300000 -18157.7 289.417 299.907 299.901
9320000 -18158.5 289.418 299.906 299.903
9340000 -18159.3 289.419 299.909 299.903
9360000 -18160.1 289.422 299.916 299.904
9380000 -18160.9 289.424 299.915 299.907
9400000 -18161.7 289.424 299.918 299.905
9420000 -18162.5 289.423 299.915 299.905
9440000 -18163.3 289.426 299.92 299.907
9460000 -18164.1 289.42 299.916 299.901
9480000 -18164.9 289.422 299.917 299.904
9500000 -18165.7 289.425 299.919 299.906
9520000 -18166.4 289.423 299.917 299.904
9540000 -18167.2 289.429 299.92 299.913
9560000 -18168 289.428 299.921 299.911
9580000 -18168.7 289.425 299.915 299.91
9600000 -18169.5 289.425 299.916 299.907
9620000 -18170.3 289.427 299.917 299.911
9640000 -18171 289.425 299.915 299.909
9660000 -18171.8 289.425 299.915 299.91
9680000 -18172.5 289.428 299.915 299.913
9700000 -18173.3 289.427 299.915 299.912
9720000 -18174 289.427 299.917 299.912
9740000 -18174.8 289.431 299.92 299.916
9760000 -18175.5 289.429 299.919 299.913
9780000 -18176.2 289.432 299.919 299.918
9800000 -18177 289.432 299.918 299.919
9820000 -18177.7 289.434 299.917 299.924
9840000 -18178.4 289.431 299.914 299.92
9860000 -18179.2 289.432 299.912 299.923
9880000 -18179.9 289.435 299.917 299.925
9900000 -18180.6 289.432 299.915 299.921
9920000 -18181.3 289.433 299.917 299.921
9940000 -18182 289.434 299.918 299.923
9960000 -18182.8 289.433 299.916 299.923
9980000 -18183.5 289.435 299.92 299.923
10000000 -18184.2 289.435 299.921 299.922
10020000 -18187.7 289.439 299.926 299.925
10040000 -18192 289.439 299.925 299.925
10060000 -18196.3 289.444 299.932 299.928
10080000 -18200.6 289.447 299.937 299.93
10100000 -18204.8 289.445 299.932 299.929
