# Fix print output for fix 48121
0 0 0
20000 2.59973921583449 22.577805193909
40000 1.88793269565049 3.13581877975279
60000 0.277215979566838 20.715389766922
80000 7.59521631099904 24.7951865192385
100000 -3.09910490975516 -9.11450663885937
120000 -6.02154858104524 -6.54352516491472
140000 9.12853902807186 16.8189425760299
160000 -1.08680864408739 -4.06706130030458
180000 4.57736700978682 -14.0392852559919
200000 2.77530366556395 16.6102753179174
220000 0.410749935891859 48.2754005984263
240000 1.43678501380536 -26.7451807161873
260000 8.81126723349349 24.5130710562331
280000 -18.7208342820798 17.2519231035114
300000 -0.250259050611739 1.17737365843266
320000 -7.53685791630412 20.1240769963518
340000 -6.0834803709584 25.2465709230122
360000 -8.0699985710084 4.70712790199909
380000 -7.33996450851392 2.42719783067221
400000 -6.65250778278186 6.69131649995598
420000 -16.9273328101482 13.4047697542431
440000 -0.816058600122815 11.0809754524053
460000 -9.09853528834301 17.3801619953771
480000 3.00771114689313 26.7146380425419
500000 7.75189921348379 27.8666000904023
520000 -5.88468266849021 3.63212642629747
540000 -1.70267393046849 37.0537352851959
560000 -12.0609048805721 -21.4238622624753
580000 7.67791296033985 26.5772594470629
600000 -14.6162044675669 5.74873940859383
620000 -3.81114334940666 -11.7407361353268
640000 -6.73299757060934 2.99839898638099
660000 -0.627382420262641 -19.4317524295493
680000 -4.0211656548661 33.4186859077321
700000 -2.75135428407621 13.4117464084642
720000 2.83313007306383 31.0475291202438
740000 -5.55417496976455 11.8014950113168
760000 -11.9633873933354 9.56277710411756
780000 -11.348889902008 37.066413664127
800000 -14.6792866823547 33.3937743298549
820000 -8.57099310745385 -7.78445738205673
840000 -1.04669492525725 12.9163804892581
860000 -12.0545202682733 7.15962148819771
880000 -13.0363320906977 21.8764340384341
900000 -11.5753660019549 2.8364058458038
920000 -6.83531884932955 28.1179960899377
940000 -8.37643213892328 2.79196010867309
960000 0.679146331353735 33.1565702118684
980000 -12.6492294851079 56.4672350365257
1000000 -22.9921641205832 10.7318956666095
1020000 -14.205309331698 15.4539467272801
1040000 -20.9459961368043 -1.61960139391815
1060000 -9.18298019403827 38.1546117310913
1080000 -22.6515706760042 35.0015312564363
1100000 -14.1295833533489 13.6402524071196
1120000 -17.0667526270484 32.5959974363501
1140000 -2.54600878199759 41.4801630521146
1160000 -10.23312337012 6.46681157697745
1180000 -13.6875092675182 27.8900845461965
1200000 -14.9016866131603 15.1002430792134
1220000 -19.9662671691609 -1.56761025144422
1240000 -18.6073032042938 28.4304864655798
1260000 -9.67704332857124 43.3262388936695
1280000 -34.4841569523076 22.7950973752786
1300000 -15.0894086147477 41.2855268203546
1320000 -18.0858284060072 38.3602464089517
1340000 -10.3596439872376 38.7374201529111
1360000 -19.0268708405485 42.6057705936006
1380000 -12.084310261629 3.39392482168239
1400000 -10.5506367563183 43.3330036999696
1420000 -11.7406747082619 44.7239325633884
1440000 -5.37950244697687 77.3720736297432
1460000 -21.0014572001198 94.6331365213897
1480000 0.808890150668233 79.1062620090563
1500000 -0.843788624597778 82.7440580007841
1520000 0.949163653633889 89.1980149255779
1540000 -9.96914591977419 67.5704999796989
1560000 7.60981832112756 129.965135098837
1580000 -9.70522576722803 163.540374607918
1600000 -13.6235082526208 138.065140438876
1620000 7.59745482353748 151.159980546794
1640000 -13.6492173391691 173.14951982187
1660000 0.635710128980236 141.366640788855
1680000 -7.79921694074804 214.154083864708
1700000 -3.2492386923208 151.658231397648
1720000 -22.1647352811466 154.64092608775
1740000 -8.02950346431389 153.073354355922
1760000 -15.8528806106389 193.27801043748
1780000 -8.96685052039598 153.743435602895
1800000 -12.3554851532872 195.636793822283
1820000 6.88712458919677 156.872402887654
1840000 -11.8045496936348 152.711126403699
1860000 8.19436816112471 159.578338803595
1880000 -1.7064176470966 124.230332186456
1900000 -10.7858939824911 172.45882868166
1920000 4.29284803029672 170.3349382381
1940000 -8.43229865316178 186.58614747679
1960000 6.77485992651523 170.673384746622
1980000 8.43563995526866 165.983959030538
2000000 -17.6484850690457 125.774848141722
2020000 -0.746849965375382 176.033063195649
2040000 -2.33808379727358 178.567185849159
2060000 9.15792646476101 144.984283076477
2080000 10.915703173946 129.999246148996
2100000 -12.0447826405456 168.777900922018
2120000 0.620114979538418 196.867589040235
2140000 -6.07663044500432 238.163693474736
2160000 -13.4465224826388 217.113876314163
2180000 -0.0451889895011242 245.764375486432
2200000 7.12319709546457 221.087650822538
2220000 10.5553392662392 233.162763779732
2240000 -0.544179793652042 223.50041024387
2260000 9.24136611791713 207.194292250373
2280000 17.6305320181823 223.969706324738
2300000 8.31365873497027 269.91196595097
2320000 0.518367318627881 200.459209478848
2340000 3.73942469027671 247.20540650971
2360000 9.15275984428744 268.721778039859
2380000 14.4798425659206 218.722403640958
2400000 12.1735231387716 264.353395922183
2420000 -2.14639978613 240.01080289699
2440000 19.7146210267116 236.138136061065
2460000 19.1423064669613 191.650955279945
2480000 16.1247629074842 200.316347645736
2500000 19.2645971987993 191.588204617226
2520000 3.88264955092152 238.773776856628
2540000 20.3727310467707 225.51768387859
2560000 20.7897324097182 239.009957402618
2580000 13.5833849581058 202.608706460067
2600000 22.6580644164569 224.903065435036
2620000 13.3051375734147 226.410221806691
2640000 34.9786279638024 257.676942206793
2660000 18.9147654707094 203.257110480472
2680000 36.7302507127451 239.218420757767
2700000 18.7068033529761 241.944832577953
2720000 9.44977216595244 254.350784971488
2740000 29.5768290143297 206.800851271052
2760000 21.2875459089183 230.845682062066
2780000 29.4963158143329 236.567126582471
2800000 10.9539870682898 235.376713680299
2820000 19.0090677583967 251.19671616279
2840000 17.5674765073457 209.979049087921
2860000 9.43262164937541 240.233420839789
2880000 -11.7033352307443 240.782902111502
2900000 22.7822630772128 215.306242169473
2920000 15.9262070169347 251.44704137842
2940000 7.80986082100681 248.326412017303
2960000 14.5150520489071 255.505252677223
2980000 20.9402041775515 258.939239430659
3000000 11.9178339437523 217.990007271587
3020000 21.9648838768611 196.712984019882
3040000 30.7660049067785 278.211715686638
3060000 27.4862364973548 197.364531670354
3080000 31.7950321418772 210.620861397579
3100000 12.7612995039239 245.444979069881
3120000 28.1962501627503 264.350478020405
3140000 17.1092496196913 214.9001749579
3160000 9.07567935787165 243.786182791996
3180000 24.5851249998452 226.198660932944
3200000 32.366848090659 236.454582030946
3220000 20.0946290932137 238.67954815072
3240000 8.23174192174941 266.750037647431
3260000 18.9649860718633 232.659984019527
3280000 2.03202408117436 211.806875309609
3300000 17.804316687594 236.290586091352
3320000 17.0817601999707 222.58554484369
3340000 17.7296079759842 259.238795999353
3360000 27.9238134470138 217.873202957111
3380000 16.9393010706994 261.227722281276
3400000 18.6427370676247 252.073337201108
3420000 15.7771109006721 222.956626951951
3440000 40.1902182096541 232.776843388973
3460000 24.1582535872474 209.199781888375
3480000 33.1103943670466 210.453511509396
3500000 18.0628528219437 206.557048160803
3520000 27.6412559957759 252.870348362085
3540000 27.542754673211 244.261298698967
3560000 19.6881654501873 227.167203983984
3580000 16.306220616486 207.873281233073
3600000 23.5757864694841 270.798119837119
3620000 22.9814697947423 250.621951743858
3640000 30.5453162313382 206.601274760905
3660000 9.06289332423601 228.234176534283
3680000 39.412869070614 171.769617784656
3700000 20.6860170366647 252.522102876715
3720000 19.8340848789089 249.725233353857
3740000 13.6720116017847 221.404048379744
3760000 19.1855521389427 266.112201315385
3780000 17.9832739520433 250.659234665369
3800000 29.8578994325122 215.629391139807
3820000 19.0806307864427 252.938634130056
3840000 22.1843624661745 250.111503094204
3860000 24.447947597862 244.719585545291
3880000 27.3567160852813 254.870604251895
3900000 22.2404234972036 218.024564479778
3920000 18.2582918628469 247.582969582408
3940000 25.6292461637171 234.090222389845
3960000 30.7226182573282 215.787616900833
3980000 28.5925743476833 221.964928126261
4000000 21.8743772476075 235.423581845227
4020000 10.0176923456654 209.43220334211
4040000 16.4449842376337 279.177304849351
4060000 26.8415105983356 220.41909691672
4080000 23.3704274982107 240.980791579262
4100000 9.05784078762018 239.69714038753
4120000 17.2355859321606 245.784202566879
4140000 23.9498984305318 237.712918838419
4160000 9.78336636662809 265.814959560264
4180000 9.86811962091652 215.485074593041
4200000 8.77620565668163 254.000063241225
4220000 21.2824090182185 222.881017451998
4240000 18.5455822148837 224.473999224675
4260000 15.8127387313168 211.651496319043
4280000 18.3073857703144 243.199481684151
4300000 8.95512705508146 231.725083617584
4320000 21.5467303749284 303.317996708658
4340000 3.31864466013194 285.599721504607
4360000 12.8280948815658 276.439862463397
4380000 10.618783994385 284.390421412309
4400000 7.60380216985607 279.863227758317
4420000 22.3095727082085 274.22895583296
4440000 8.65224139926235 298.570840701028
4460000 20.4812145328558 281.432767834696
4480000 -7.51787819559582 210.950347440824
4500000 0.59403458871693 261.804711914678
4520000 7.35230310894683 225.592085889984
4540000 3.07139561427767 258.183969438509
4560000 4.21592665638361 252.078507688833
4580000 5.68429284362488 238.774688521801
4600000 12.4501608599245 364.348064627643
4620000 19.6051459493812 384.919239788433
4640000 14.5095400938379 379.827118919645
4660000 13.5954745378654 354.018428947825
4680000 -0.0301463924002974 350.940267302411
4700000 13.7490005183051 390.24882732518
4720000 -1.40467027460178 388.153337685902
4740000 9.97205504438384 350.033893299742
4760000 3.9116181747129 373.921044244143
4780000 3.27226683867282 366.969867289717
4800000 9.61558247250467 423.091683917075
4820000 -0.886004062321547 362.46360336221
4840000 20.9557741914151 396.062723431767
4860000 -8.33235344406481 389.612140613184
4880000 1.63439715986935 384.986307993213
4900000 14.511780000252 383.18854818775
4920000 -1.79785827355165 361.415882369497
4940000 9.11104038026936 411.27138233424
4960000 -2.52851564848086 399.812055860093
4980000 5.40144189192479 396.600425840064
5000000 5.60340255768571 434.687871110161
5020000 11.4398654908264 381.580319076214
5040000 21.0732981869594 402.269676357121
5060000 11.6625964398921 397.326911621982
5080000 16.7576161985658 398.194414059407
5100000 16.4065207902296 380.430746406659
5120000 8.86498344227289 371.671731438207
5140000 6.91098907076366 399.64790488017
5160000 18.3549091348056 352.065402578659
5180000 2.74980198633926 374.133476426389
5200000 0.43696491557327 397.284895733926
5220000 14.9304976520054 402.016848851716
5240000 2.39200889212501 386.27141809524
5260000 8.59801271587281 410.631302471256
5280000 28.1582160377742 384.936591768193
5300000 26.2988244564567 379.190740515801
5320000 -4.76668835219763 367.158243261726
5340000 11.0464531534057 387.514018190134
5360000 -0.542509741207596 390.205011312142
5380000 7.00527268563499 378.662707423692
5400000 -9.47704955301461 394.088631627835
5420000 18.1395324108206 420.703762283668
5440000 4.6993427320605 372.644959457004
5460000 13.5493766751555 392.747833150463
5480000 6.6859115600202 502.379183803972
5500000 3.97075681774785 535.068731670702
5520000 11.1477646430006 492.005209607941
5540000 8.72206926118182 489.49620356783
5560000 8.02473650348892 503.980946823573
5580000 0.94129616821229 490.444294999442
5600000 1.44244088712395 523.792053154517
5620000 13.0015950589414 539.034429507561
5640000 5.57809402143383 485.590588295058
5660000 8.04943195370092 498.788756630188
5680000 4.09939376315188 520.704182729864
5700000 -1.34683467905154 488.496167185942
5720000 8.60540918886463 473.900353673016
5740000 16.3759139962568 490.507908330565
5760000 17.3762507596435 500.58232034221
5780000 -5.70279810222721 532.696532596371
5800000 -0.578801301156858 507.599125252434
5820000 23.678581701919 495.692935089744
5840000 9.08573157421432 490.26599886894
5860000 19.2384264394331 518.770312730116
5880000 13.2120933367149 532.942757680076
5900000 1.84124367923926 543.71851732403
5920000 16.5953457954588 480.546394728802
5940000 2.42280774662973 470.557785576173
5960000 10.9080256454365 503.640101964374
5980000 6.23188695457205 520.84799970247
6000000 5.66834429835163 512.458946830301
6020000 9.77975823021242 532.914550114638
6040000 6.68447932134288 486.481943173714
6060000 -2.12772924015925 484.612563726453
6080000 -6.36202626814242 530.716400463138
6100000 18.219558368426 520.20302978309
6120000 1.29809170183742 536.616108021186
6140000 -6.37456576036539 557.852115802048
6160000 12.7315750232417 534.288695583295
6180000 -5.14161359471046 488.484564392695
6200000 11.9497036590413 495.062382363701
6220000 13.2559175991501 475.660171375075
6240000 -2.08145131426002 498.15599520474
6260000 -0.907427209324396 492.851406019173
6280000 11.0768969715173 517.025213983716
6300000 1.39519020888252 487.334987139807
6320000 -8.23962120144796 492.197183004645
6340000 19.286545536122 517.723885251031
6360000 13.7096977008469 519.435916220709
6380000 11.1503754287808 496.522874949002
6400000 15.497504363774 519.821306641914
6420000 12.0891600049228 472.868998470202
6440000 8.03002582862669 488.637764856249
6460000 6.95618681482867 518.016480244101
6480000 0.621670696545578 503.931041417921
6500000 22.9152462166955 511.195323991905
6520000 20.2147428323895 463.23821676027
6540000 15.7674599142526 538.083068400992
6560000 17.9865215797196 474.883676674497
6580000 29.0066026390782 494.864744897033
6600000 -2.23376956416362 481.976147146604
6620000 13.8951320764714 490.859303971288
6640000 12.5365286032213 529.613994650099
6660000 20.0836385852385 519.098348278923
6680000 25.3202936331516 495.389233519299
6700000 25.5115067199122 498.398145837251
6720000 27.273248308998 495.481519937635
6740000 15.5622368362755 528.190047336087
6760000 23.0489055974007 491.294426152569
6780000 35.722950639802 493.871581454509
6800000 9.31454084947202 507.945552891622
6820000 32.7670330774362 504.605981140454
6840000 9.44659737115194 506.445714934001
6860000 23.8534814341231 529.194763876411
6880000 8.96074675654035 489.918798408168
6900000 19.0556581827161 514.141557657177
6920000 19.7159986784324 519.155973273614
6940000 13.053482597622 491.477053257254
6960000 7.22974748128212 487.580613842791
6980000 6.13218833976671 518.276774503877
7000000 13.641084647001 538.995804557823
7020000 13.9642311576808 524.18609692618
7040000 23.6852118519792 488.439766574713
7060000 12.7012005727655 521.667771199668
7080000 21.6719597856628 530.487744751113
7100000 31.7957467531972 521.127311952259
7120000 22.3911166363384 518.485402248935
7140000 12.6200887779044 491.359608323682
7160000 24.117458376371 515.193604676387
7180000 23.0391175018471 498.259555032687
7200000 14.2695323179717 508.762472989732
7220000 20.0581184487575 522.24000652504
7240000 16.4736098781216 445.993415708944
7260000 20.961762653773 470.200165575256
7280000 17.8463258717953 507.651930977252
7300000 27.2606294076932 518.4205414685
7320000 24.0192799905828 525.861206133716
7340000 10.371550933964 523.890319497217
7360000 3.55481099580123 528.768837807605
7380000 24.0619358067132 499.403083011599
7400000 13.0663143182404 507.486420120996
7420000 29.2512648055432 519.195491910528
7440000 13.5104923414845 528.036729391324
7460000 3.10412729666695 474.194975626377
7480000 17.8254096131034 516.021739633578
7500000 19.3239606916288 478.315896411506
7520000 6.97703390840564 470.638451415922
7540000 12.8596482540091 503.200359749654
7560000 3.91452857391636 531.634128811742
7580000 19.0406529892784 526.016663079222
7600000 5.18888528432262 532.540614856623
7620000 9.74759026746426 516.490279026713
7640000 2.01694808797424 521.553272971167
7660000 19.4145839471561 495.154415167856
7680000 18.1698696082983 519.401317610589
7700000 -3.59828903108581 566.256952959968
7720000 9.59922247249375 512.796621674223
7740000 25.3074307677966 495.896999200126
7760000 13.0905492011082 518.912874734322
7780000 8.76956027799281 620.556077466571
7800000 7.25728248558158 620.16668300704
7820000 8.3593933565233 617.146673507956
7840000 19.086219570731 571.334379324678
7860000 12.9173201996911 615.189140798981
7880000 5.38089373062661 605.25125335051
7900000 17.3564870469097 624.310192992126
7920000 8.20884764884329 642.175129307806
7940000 10.8476826100008 614.587323696968
7960000 18.0086113283875 643.012588209056
7980000 14.1961178802557 641.883762332551
8000000 9.46272173522186 649.168858793864
8020000 23.5039450600888 624.090016616702
8040000 6.63706625747221 634.70381856871
8060000 7.37660312369331 611.682708334989
8080000 21.5039292741309 600.428353660739
8100000 18.2392922427673 626.277734681804
8120000 12.0447105483806 602.020534927072
8140000 11.5151690012391 634.529756761019
8160000 9.66635295962709 618.504572871516
8180000 21.3213359956682 586.594675133421
8200000 20.80801228283 609.017319276329
8220000 23.6138182125096 622.179142036945
8240000 17.5374628329343 588.463301072876
8260000 14.5147734252276 625.894709305462
8280000 20.7027772487398 603.660123599304
8300000 25.5218204124066 628.954661960222
8320000 20.5666903913964 613.162319187899
8340000 18.0452462177261 603.590923096658
8360000 38.4862572175556 600.832718303881
8380000 31.8488467952548 615.490796780556
8400000 26.1304259638331 637.316573523154
8420000 25.9910797625068 620.326275945059
8440000 25.2376345046566 588.776228605902
8460000 25.1651780493985 626.774908271074
8480000 17.5579507404063 621.449027734105
8500000 8.94783172777636 635.255794283646
8520000 26.8236091559518 661.651646854626
8540000 18.2249394911626 638.80225710159
8560000 28.1754631145905 648.001434989008
8580000 16.0234191474793 625.049308534134
8600000 21.4029511325751 661.874200108013
8620000 21.3009259007226 614.993157013913
8640000 15.2545384498729 659.182190489982
8660000 6.08709800423469 623.035350817745
8680000 32.3643661917278 631.246290574903
8700000 21.1137471509235 651.9637482467
8720000 10.7928864585732 644.475824248846
8740000 17.5964296993146 636.776176099672
8760000 6.9462958115667 611.564414147528
8780000 11.5948848470404 629.985065228161
8800000 24.497139986536 651.694878145019
8820000 13.0955722593039 595.386269638967
8840000 16.5723794875441 623.202544010877
8860000 12.2157421718895 613.319024057224
8880000 17.0953666521108 603.778824794309
8900000 14.419830472949 614.009335201894
8920000 10.7136426554347 573.278549999396
8940000 13.0993226382076 631.271305016943
8960000 12.8010799192472 664.655043172903
8980000 3.57814657793094 655.945243912329
9000000 10.6631322670315 622.594807208474
9020000 24.1465796604517 660.57357987548
9040000 13.9619998527814 633.375534814056
9060000 8.98398688534482 653.566156188459
9080000 34.0628869310536 603.159442508855
9100000 5.23746804250689 660.530790104686
9120000 4.96477456655006 636.071269597811
9140000 -4.93694040902801 675.807105784571
9160000 6.04747249552787 642.633018124385
9180000 4.71690085129723 642.07152581912
9200000 21.7368358471484 619.938698818149
9220000 11.5448981704527 634.150301629341
9240000 9.44394678260895 640.475042883112
9260000 19.1822731694717 607.869599478742
9280000 28.2508052548371 646.707266388639
9300000 13.4570285354703 607.658633114805
9320000 12.1348961853851 637.658713495647
9340000 14.5683330812645 609.206091337607
9360000 3.44919083931609 576.491143048797
9380000 28.9558114202154 665.752635046611
9400000 17.0450529582179 622.485935214736
9420000 17.5582739364387 628.654329239174
9440000 27.3770780408887 655.893251017705
9460000 15.3143031988748 641.555781311178
9480000 17.8628327393994 644.981407659206
9500000 23.3132031596123 606.556778214544
9520000 29.248455685653 641.053805359778
9540000 15.1642373634005 631.261565068123
9560000 7.53451134755568 618.011341159533
9580000 31.7080812960117 597.774289646062
9600000 21.0787941990455 611.875922954549
9620000 32.9629380368651 664.271065097741
9640000 21.503225829366 608.698420676556
9660000 31.8366027068692 679.206203535012
9680000 28.4554541301289 655.004505138592
9700000 27.6995908914632 630.804005836007
9720000 17.2871684801207 645.559471289895
9740000 25.3142616803091 658.341576093084
9760000 18.3441863202056 646.469520043648
9780000 18.9028718769729 632.937703559074
9800000 30.3117277685716 674.692299686482
9820000 21.3955252757536 604.207708647921
9840000 0.0799833091240885 654.673582210958
9860000 26.6054987403518 625.100496363295
9880000 17.2225378489514 666.073839967476
9900000 23.0403599673498 646.044265953692
9920000 16.0501260578059 651.707541981727
9940000 15.8095207008193 653.20663517836
9960000 18.5156199053293 654.808103895595
9980000 25.9566536905124 668.540243125231
10000000 24.9024096007163 644.438675656712
