# Time-averaged data for fix E1
# TimeStep c_PE c_Tav c_T1 c_Tm
20000 -20352.4 290.719 296.695 301.536
40000 -20353.7 290.648 297.879 300.798
60000 -20355.4 290.605 298.813 300.235
80000 -20356.5 290.722 299.057 300.291
100000 -20357.3 290.885 299.014 300.57
120000 -20357.4 291.12 300.147 300.342
140000 -20357.8 291.045 300.424 300.077
160000 -20358.1 291.349 301 300.253
180000 -20358.2 291.546 301.06 300.531
200000 -20358.4 291.531 301.045 300.515
220000 -20358.5 291.425 300.923 300.413
240000 -20358.4 291.274 300.736 300.274
260000 -20358.5 291.2 300.656 300.199
280000 -20358.4 291.218 300.713 300.197
300000 -20358.3 291.267 300.663 300.301
320000 -20358.2 291.293 300.802 300.268
340000 -20358.1 291.332 300.638 300.418
360000 -20358.2 291.333 300.741 300.364
380000 -20358.1 291.307 300.714 300.338
400000 -20358.1 291.264 300.722 300.265
420000 -20358 291.276 300.793 300.247
440000 -20357.9 291.36 300.829 300.359
460000 -20358.1 291.248 300.714 300.245
480000 -20358.3 291.178 300.727 300.128
500000 -20358.5 291.125 300.664 300.077
520000 -20358.7 291.104 300.652 300.049
540000 -20359 291.119 300.594 300.104
560000 -20359.1 291.069 300.566 300.041
580000 -20359.3 291.112 300.613 300.083
600000 -20359.5 291.116 300.528 300.135
620000 -20359.7 291.127 300.467 300.185
640000 -20359.8 291.098 300.444 300.151
660000 -20360 291.07 300.289 300.188
680000 -20360.2 291.061 300.318 300.158
700000 -20360.3 291.068 300.407 300.123
720000 -20360.5 291.031 300.394 300.071
740000 -20360.6 291.003 300.35 300.05
760000 -20360.8 290.996 300.354 300.038
780000 -20361 290.974 300.271 300.046
800000 -20361.1 290.97 300.288 300.03
820000 -20361.3 290.982 300.28 300.055
840000 -20362.6 291.004 300.261 300.099
860000 -20364.8 291.021 300.292 300.11
880000 -20367.1 290.996 300.259 300.087
900000 -20369.4 291.012 300.305 300.089
920000 -20371.6 290.992 300.334 300.042
940000 -20374.5 290.961 300.307 300.006
960000 -20378.5 290.942 300.304 299.979
980000 -20382.4 290.965 300.333 300
1000000 -20386.2 290.969 300.311 300.017
1020000 -20389.9 290.944 300.315 299.976
1040000 -20393.5 290.937 300.324 299.961
1060000 -20397 290.958 300.324 299.993
1080000 -20400.4 290.903 300.249 299.946
1100000 -20403.7 290.907 300.189 299.984
1120000 -20406.8 290.926 300.202 300.008
1140000 -20409.9 290.909 300.18 299.992
1160000 -20412.9 290.9 300.165 299.986
1180000 -20415.8 290.897 300.196 299.965
1200000 -20418.6 290.901 300.188 299.974
1220000 -20421.3 290.887 300.171 299.963
1240000 -20423.9 290.911 300.189 299.99
1260000 -20426.5 290.908 300.185 299.987
1280000 -20428.9 290.917 300.185 300.002
1300000 -20431.8 290.925 300.197 300.008
1320000 -20435.3 290.922 300.19 300.007
1340000 -20438.8 290.913 300.179 299.999
1360000 -20442.2 290.93 300.204 300.012
1380000 -20446.5 290.936 300.23 300.007
1400000 -20451.2 290.944 300.216 300.029
1420000 -20455.7 290.936 300.198 300.025
1440000 -20460.1 290.944 300.225 300.024
1460000 -20464.4 290.945 300.201 300.038
1480000 -20468.5 290.918 300.185 300.004
1500000 -20472.6 290.926 300.176 300.021
1520000 -20476.6 290.916 300.174 300.006
1540000 -20480.5 290.926 300.188 300.015
1560000 -20484.3 290.926 300.208 300.004
1580000 -20488 290.929 300.222 300.002
1600000 -20491.7 290.939 300.222 300.018
1620000 -20495.2 290.952 300.218 300.04
1640000 -20498.7 290.958 300.21 300.053
1660000 -20502.1 290.969 300.189 300.082
1680000 -20505.4 290.966 300.19 300.076
1700000 -20508.7 290.941 300.181 300.043
1720000 -20511.9 290.942 300.16 300.054
1740000 -20515 290.945 300.154 300.062
1760000 -20518.1 290.921 300.15 300.027
1780000 -20521 290.921 300.14 300.032
1800000 -20523.9 290.916 300.128 300.03
1820000 -20526.8 290.935 300.121 300.064
1840000 -20529.6 290.937 300.124 300.065
1860000 -20532.3 290.945 300.14 300.069
1880000 -20534.9 290.959 300.146 300.088
1900000 -20537.5 290.962 300.165 300.084
1920000 -20540 290.957 300.157 300.079
1940000 -20542.5 290.963 300.168 300.083
1960000 -20544.8 290.963 300.196 300.068
1980000 -20547.2 290.947 300.18 300.052
2000000 -20549.5 290.94 300.163 300.05
2020000 -20551.7 290.937 300.154 300.05
2040000 -20553.9 290.921 300.144 300.03
2060000 -20556.1 290.918 300.126 300.035
2080000 -20558.2 290.918 300.127 300.034
2100000 -20560.3 290.921 300.15 300.027
2120000 -20562.4 290.915 300.147 300.019
2140000 -20564.4 290.919 300.163 300.016
2160000 -20566.4 290.927 300.179 300.021
2180000 -20568.4 290.919 300.175 300.011
2200000 -20570.3 290.926 300.185 300.017
2220000 -20572.2 290.937 300.189 300.031
2240000 -20574 290.922 300.181 300.012
2260000 -20575.8 290.938 300.197 300.029
2280000 -20577.6 290.94 300.211 300.025
2300000 -20579.4 290.94 300.221 300.019
2320000 -20581.1 290.95 300.214 300.038
2340000 -20582.8 290.943 300.19 300.041
2360000 -20584.4 290.937 300.177 300.038
2380000 -20586 290.942 300.174 300.048
2400000 -20587.6 290.934 300.161 300.042
2420000 -20589.2 290.922 300.149 300.029
2440000 -20590.8 290.904 300.116 300.017
2460000 -20592.3 290.906 300.12 300.02
2480000 -20593.9 290.893 300.107 300.006
2500000 -20595.4 290.898 300.106 300.014
2520000 -20596.9 290.896 300.114 300.006
2540000 -20598.3 290.906 300.122 300.018
2560000 -20599.8 290.907 300.132 300.014
2580000 -20601.2 290.904 300.126 300.013
2600000 -20602.6 290.903 300.124 300.012
2620000 -20604 290.899 300.106 300.015
2640000 -20605.4 290.897 300.112 300.01
2660000 -20606.7 290.897 300.115 300.008
2680000 -20608 290.901 300.093 300.025
2700000 -20609.3 290.897 300.09 300.021
2720000 -20610.6 290.893 300.087 300.016
2740000 -20611.9 290.896 300.084 300.022
2760000 -20613.1 290.894 300.081 300.021
2780000 -20614.4 290.902 300.105 300.021
2800000 -20615.6 290.907 300.111 300.025
2820000 -20616.8 290.904 300.108 300.023
2840000 -20617.9 290.906 300.121 300.019
2860000 -20619.1 290.912 300.113 300.032
2880000 -20620.3 290.908 300.113 300.027
2900000 -20621.4 290.917 300.125 300.034
2920000 -20622.5 290.919 300.131 300.034
2940000 -20623.6 290.919 300.122 300.039
2960000 -20624.6 290.929 300.144 300.042
2980000 -20625.7 290.941 300.148 300.059
3000000 -20626.8 290.945 300.139 300.07
3020000 -20627.8 290.949 300.135 300.079
3040000 -20628.8 290.949 300.133 300.079
3060000 -20629.8 290.952 300.136 300.082
3080000 -20630.8 290.944 300.128 300.075
3100000 -20631.9 290.945 300.118 300.082
3120000 -20632.9 290.95 300.133 300.082
3140000 -20633.8 290.939 300.123 300.07
3160000 -20634.8 290.937 300.123 300.066
3180000 -20635.8 290.933 300.114 300.064
3200000 -20636.7 290.939 300.114 300.074
3220000 -20637.7 290.942 300.105 300.084
3240000 -20638.6 290.942 300.103 300.084
3260000 -20639.5 290.94 300.092 300.087
3280000 -20640.4 290.941 300.093 300.088
3300000 -20641.3 290.934 300.097 300.076
3320000 -20642.2 290.92 300.087 300.058
3340000 -20643.1 290.904 300.071 300.041
3360000 -20643.9 290.907 300.077 300.043
3380000 -20644.8 290.908 300.083 300.042
3400000 -20645.6 290.919 300.083 300.059
3420000 -20646.5 290.916 300.075 300.058
3440000 -20647.3 290.912 300.053 300.065
3460000 -20648.3 290.914 300.059 300.064
3480000 -20649.7 290.913 300.042 300.072
3500000 -20651 290.915 300.033 300.079
3520000 -20652.3 290.92 300.044 300.082
3540000 -20653.7 290.921 300.052 300.079
3560000 -20655.1 290.919 300.056 300.073
3580000 -20656.4 290.919 300.054 300.075
3600000 -20657.7 290.917 300.054 300.071
3620000 -20659 290.916 300.068 300.063
3640000 -20660.3 290.899 300.041 300.05
3660000 -20661.6 290.899 300.047 300.046
3680000 -20662.8 290.905 300.057 300.051
3700000 -20664.1 290.912 300.064 300.057
3720000 -20665.3 290.91 300.067 300.054
3740000 -20666.5 290.917 300.071 300.062
3760000 -20667.7 290.912 300.061 300.06
3780000 -20668.9 290.909 300.053 300.059
3800000 -20670.1 290.904 300.046 300.055
3820000 -20671.3 290.902 300.04 300.055
3840000 -20672.4 290.904 300.037 300.059
3860000 -20673.6 290.898 300.027 300.056
3880000 -20674.7 290.904 300.053 300.051
3900000 -20675.8 290.898 300.042 300.048
3920000 -20677.4 290.899 300.051 300.045
3940000 -20678.9 290.9 300.059 300.042
3960000 -20680.5 290.896 300.051 300.039
3980000 -20682.1 290.898 300.041 300.049
4000000 -20683.6 290.899 300.043 300.049
4020000 -20685.1 290.901 300.053 300.047
4040000 -20686.6 290.902 300.05 300.05
4060000 -20688.1 290.911 300.074 300.052
4080000 -20689.6 290.916 300.079 300.057
4100000 -20691 290.914 300.078 300.054
4120000 -20692.5 290.907 300.062 300.052
4140000 -20693.9 290.915 300.057 300.067
4160000 -20695.3 290.925 300.064 300.079
4180000 -20696.7 290.921 300.06 300.075
4200000 -20698.1 290.924 300.056 300.081
4220000 -20699.5 290.927 300.07 300.08
4240000 -20700.9 290.924 300.075 300.071
4260000 -20702.3 290.917 300.064 300.065
4280000 -20703.6 290.912 300.075 300.053
4300000 -20705 290.914 300.068 300.058
4320000 -20706.3 290.912 300.061 300.06
4340000 -20707.7 290.905 300.059 300.05
4360000 -20709 290.912 300.059 300.061
4380000 -20710.2 290.914 300.055 300.066
4400000 -20711.5 290.917 300.055 300.071
4420000 -20712.8 290.921 300.063 300.073
4440000 -20714.1 290.911 300.057 300.06
4460000 -20715.3 290.906 300.059 300.052
4480000 -20716.6 290.906 300.069 300.046
4500000 -20717.8 290.907 300.068 300.047
4520000 -20719 290.91 300.072 300.05
4540000 -20720.2 290.916 300.075 300.059
4560000 -20721.4 290.917 300.071 300.063
4580000 -20722.6 290.912 300.067 300.057
4600000 -20723.8 290.914 300.069 300.058
4620000 -20725 290.915 300.07 300.059
4640000 -20726.1 290.912 300.065 300.058
4660000 -20727.2 290.916 300.074 300.059
4680000 -20728.4 290.921 300.084 300.062
4700000 -20729.5 290.92 300.086 300.059
4720000 -20730.6 290.911 300.071 300.052
4740000 -20731.7 290.906 300.071 300.045
4760000 -20732.8 290.909 300.075 300.048
4780000 -20733.9 290.911 300.07 300.054
4800000 -20735 290.908 300.063 300.052
4820000 -20736.1 290.904 300.057 300.05
4840000 -20737.2 290.907 300.051 300.058
4860000 -20738.2 290.911 300.053 300.062
4880000 -20739.3 290.907 300.051 300.058
4900000 -20740.3 290.909 300.06 300.056
4920000 -20741.3 290.916 300.072 300.06
4940000 -20742.3 290.911 300.063 300.057
4960000 -20743.3 290.907 300.055 300.055
4980000 -20744.4 290.901 300.04 300.054
5000000 -20745.3 290.909 300.051 300.061
5020000 -20746.3 290.909 300.06 300.056
5040000 -20747.3 290.911 300.07 300.054
5060000 -20748.3 290.915 300.078 300.055
5080000 -20749.3 290.919 300.075 300.063
5100000 -20750.2 290.92 300.073 300.066
5120000 -20751.2 290.912 300.073 300.054
5140000 -20752.1 290.91 300.066 300.054
5160000 -20753 290.914 300.073 300.056
5180000 -20754 290.913 300.068 300.058
5200000 -20754.9 290.916 300.071 300.06
5220000 -20755.8 290.917 300.081 300.057
5240000 -20756.7 290.913 300.072 300.055
5260000 -20757.6 290.907 300.07 300.047
5280000 -20758.5 290.907 300.075 300.044
5300000 -20759.4 290.903 300.073 300.04
5320000 -20760.3 290.891 300.067 300.024
5340000 -20761.1 290.887 300.069 300.016
5360000 -20762 290.887 300.068 300.016
5380000 -20762.9 290.882 300.066 300.009
5400000 -20763.7 290.885 300.076 300.009
5420000 -20764.6 290.887 300.079 300.01
5440000 -20765.4 290.891 300.077 300.018
5460000 -20766.3 290.892 300.077 300.019
5480000 -20767.1 290.893 300.077 300.021
5500000 -20767.9 290.891 300.083 300.015
5520000 -20768.7 290.892 300.087 300.014
5540000 -20769.5 290.89 300.081 300.014
5560000 -20770.4 290.886 300.075 300.011
5580000 -20771.2 290.891 300.074 300.019
5600000 -20772 290.888 300.073 300.015
5620000 -20772.8 290.885 300.068 300.014
5640000 -20774 290.886 300.069 300.014
5660000 -20775.1 290.884 300.059 300.017
5680000 -20776.2 290.883 300.067 300.011
5700000 -20777.4 290.885 300.072 300.011
5720000 -20778.5 290.883 300.065 300.013
5740000 -20779.6 290.881 300.065 300.008
5760000 -20780.8 290.883 300.064 300.013
5780000 -20781.9 290.885 300.071 300.012
5800000 -20783 290.887 300.079 300.01
5820000 -20784.1 290.881 300.073 300.005
5840000 -20785.1 290.878 300.065 300.004
5860000 -20786.2 290.877 300.059 300.006
5880000 -20787.3 290.878 300.064 300.005
5900000 -20788.3 290.88 300.07 300.004
5920000 -20789.4 290.883 300.074 300.007
5940000 -20790.4 290.885 300.078 300.008
5960000 -20791.5 290.881 300.074 300.004
5980000 -20792.5 290.879 300.073 300.002
6000000 -20793.6 290.881 300.082 300
6020000 -20794.6 290.886 300.08 300.009
6040000 -20795.6 290.884 300.082 300.005
6060000 -20796.6 290.887 300.085 300.008
6080000 -20797.7 290.886 300.1 299.998
6100000 -20798.7 290.881 300.1 299.991
6120000 -20799.7 290.877 300.093 299.988
6140000 -20800.7 290.874 300.089 299.985
6160000 -20801.6 290.87 300.085 299.982
6180000 -20802.6 290.868 300.09 299.976
6200000 -20803.6 290.863 300.081 299.972
6220000 -20804.5 290.867 300.088 299.974
6240000 -20805.5 290.867 300.091 299.972
6260000 -20806.4 290.865 300.093 299.969
6280000 -20807.4 290.872 300.096 299.978
6300000 -20808.3 290.873 300.087 299.984
6320000 -20809.2 290.868 300.085 299.977
6340000 -20810.2 290.87 300.077 299.986
6360000 -20811.1 290.868 300.079 299.981
6380000 -20812 290.869 300.073 299.985
6400000 -20812.9 290.867 300.072 299.982
6420000 -20813.8 290.869 300.078 299.982
6440000 -20814.7 290.872 300.079 299.988
6460000 -20815.9 290.874 300.083 299.988
6480000 -20817.1 290.875 300.075 299.994
6500000 -20818.3 290.868 300.076 299.983
6520000 -20819.5 290.872 300.085 299.984
6540000 -20820.9 290.876 300.082 299.992
6560000 -20822.3 290.877 300.081 299.995
6580000 -20823.8 290.882 300.087 299.998
6600000 -20825.3 290.88 300.089 299.994
6620000 -20826.7 290.879 300.09 299.993
6640000 -20828.2 290.887 300.097 300.001
6660000 -20829.6 290.889 300.1 300.003
6680000 -20831.1 290.893 300.104 300.007
6700000 -20832.5 290.897 300.108 300.011
6720000 -20834 290.897 300.107 300.011
6740000 -20835.4 290.89 300.093 300.007
6760000 -20836.9 290.896 300.099 300.014
6780000 -20838.3 290.896 300.105 300.011
6800000 -20839.7 290.898 300.107 300.013
6820000 -20841.1 290.898 300.105 300.014
6840000 -20842.5 290.898 300.101 300.017
6860000 -20843.9 290.898 300.108 300.012
6880000 -20845.3 290.895 300.109 300.008
6900000 -20846.7 290.892 300.106 300.005
6920000 -20848.1 290.894 300.112 300.004
6940000 -20849.4 290.897 300.114 300.007
6960000 -20850.8 290.896 300.12 300.003
6980000 -20852.1 290.896 300.116 300.006
7000000 -20853.4 290.895 300.116 300.004
7020000 -20854.8 290.888 300.105 299.999
7040000 -20856.1 290.89 300.11 299.999
7060000 -20857.4 290.889 300.113 299.996
7080000 -20858.7 290.889 300.113 299.996
7100000 -20860 290.886 300.113 299.99
7120000 -20861.3 290.885 300.11 299.991
7140000 -20862.6 290.888 300.113 299.994
7160000 -20863.8 290.886 300.112 299.992
7180000 -20865.1 290.884 300.121 299.984
7200000 -20866.4 290.883 300.123 299.98
7220000 -20867.6 290.884 300.118 299.986
7240000 -20868.9 290.884 300.112 299.99
7260000 -20870.1 290.884 300.109 299.99
7280000 -20871.4 290.882 300.116 299.984
7300000 -20872.6 290.883 300.12 299.984
7320000 -20873.9 290.884 300.123 299.984
7340000 -20875.1 290.886 300.121 299.986
7360000 -20876.3 290.892 300.127 299.993
7380000 -20877.5 290.89 300.118 299.994
7400000 -20878.7 290.894 300.118 300.001
7420000 -20880 290.894 300.107 300.007
7440000 -20881.2 290.895 300.114 300.005
7460000 -20882.3 290.899 300.114 300.011
7480000 -20883.5 290.899 300.111 300.013
7500000 -20884.7 290.898 300.11 300.012
7520000 -20885.9 290.895 300.106 300.009
7540000 -20887.1 290.894 300.104 300.008
7560000 -20888.2 290.894 300.101 300.01
7580000 -20889.4 290.894 300.108 300.006
7600000 -20890.6 290.896 300.114 300.006
7620000 -20891.7 290.899 300.112 300.013
7640000 -20892.8 290.903 300.113 300.018
7660000 -20894 290.905 300.112 300.022
7680000 -20895.1 290.905 300.108 300.025
7700000 -20896.2 290.908 300.109 300.029
7720000 -20897.3 290.909 300.114 300.027
7740000 -20898.4 290.91 300.113 300.028
7760000 -20899.6 290.912 300.115 300.031
7780000 -20900.7 290.915 300.117 300.035
7800000 -20901.8 290.908 300.113 300.027
7820000 -20902.9 290.906 300.114 300.022
7840000 -20904 290.904 300.109 300.022
7860000 -20905.1 290.904 300.116 300.019
7880000 -20906.2 290.904 300.115 300.019
7900000 -20907.3 290.906 300.116 300.021
7920000 -20908.3 290.903 300.113 300.019
7940000 -20909.4 290.899 300.102 300.018
7960000 -20910.5 290.895 300.098 300.013
7980000 -20911.5 290.896 300.098 300.014
8000000 -20912.6 290.897 300.099 300.015
8020000 -20913.7 290.896 300.103 300.012
8040000 -20914.7 290.893 300.099 300.009
8060000 -20915.7 290.896 300.106 300.01
8080000 -20916.8 290.896 300.102 300.013
8100000 -20917.8 290.896 300.102 300.013
8120000 -20918.8 290.899 300.106 300.015
8140000 -20919.8 290.902 300.11 300.018
8160000 -20920.9 290.901 300.11 300.016
8180000 -20921.9 290.901 300.109 300.017
8200000 -20922.9 290.902 300.109 300.019
8220000 -20923.9 290.901 300.107 300.018
8240000 -20924.9 290.897 300.109 300.01
8260000 -20925.9 290.9 300.112 300.014
8280000 -20926.8 290.9 300.106 300.016
8300000 -20927.8 290.899 300.106 300.016
8320000 -20928.8 290.9 300.107 300.016
8340000 -20929.8 290.9 300.104 300.019
8360000 -20930.8 290.896 300.104 300.013
8380000 -20931.7 290.894 300.101 300.01
8400000 -20932.7 290.892 300.106 300.005
8420000 -20933.6 290.891 300.108 300.002
8440000 -20934.6 290.893 300.111 300.004
8460000 -20935.5 290.891 300.104 300.004
8480000 -20936.5 290.893 300.11 300.004
8500000 -20937.4 290.893 300.108 300.005
8520000 -20938.3 290.891 300.104 300.004
8540000 -20939.3 290.893 300.105 300.007
8560000 -20940.2 290.893 300.107 300.005
8580000 -20941.1 290.893 300.103 300.007
8600000 -20942.1 290.892 300.102 300.007
8620000 -20943.2 290.892 300.102 300.007
8640000 -20944.3 290.893 300.1 300.009
8660000 -20945.4 290.891 300.098 300.008
8680000 -20946.6 290.892 300.098 300.008
8700000 -20947.7 290.889 300.093 300.006
8720000 -20948.8 290.894 300.098 300.011
8740000 -20949.9 290.892 300.097 300.009
8760000 -20951 290.891 300.098 300.007
8780000 -20952.1 290.89 300.098 300.005
8800000 -20953.1 290.893 300.099 300.009
8820000 -20954.2 290.894 300.097 300.012
8840000 -20955.3 290.898 300.099 300.017
8860000 -20956.4 290.896 300.101 300.014
8880000 -20957.4 290.894 300.1 300.011
8900000 -20958.5 290.89 300.102 300.004
8920000 -20959.6 290.893 300.108 300.006
8940000 -20960.6 290.893 300.11 300.004
8960000 -20961.7 290.893 300.112 300.003
8980000 -20962.7 290.889 300.104 300
9000000 -20963.7 290.885 300.103 299.995
9020000 -20964.8 290.887 300.11 299.994
9040000 -20965.8 290.886 300.112 299.992
9060000 -20966.8 290.884 300.114 299.987
9080000 -20967.9 290.885 300.112 299.99
9100000 -20968.9 290.884 300.11 299.99
9120000 -20969.9 290.884 300.111 299.989
9140000 -20970.9 290.884 300.112 299.989
9160000 -20971.9 290.883 300.11 299.988
9180000 -20972.9 290.886 300.112 299.992
9200000 -20973.9 290.884 300.111 299.989
9220000 -20974.9 290.885 300.117 299.988
9240000 -20975.9 290.885 300.12 299.986
9260000 -20976.9 290.883 300.116 299.984
9280000 -20977.9 290.884 300.112 299.989
9300000 -20978.9 290.881 300.107 299.986
9320000 -20979.9 290.88 300.105 299.986
9340000 -20980.9 290.884 300.109 299.991
9360000 -20981.9 290.885 300.108 299.992
9380000 -20982.8 290.884 300.105 299.991
9400000 -20983.8 290.882 300.103 299.991
9420000 -20984.8 290.879 300.1 299.988
9440000 -20985.7 290.881 300.099 299.99
9460000 -20986.7 290.882 300.097 299.993
9480000 -20987.6 290.881 300.093 299.994
9500000 -20988.6 290.881 300.094 299.993
9520000 -20989.6 290.881 300.094 299.994
9540000 -20990.5 290.885 300.101 299.995
9560000 -20991.4 290.888 300.101 300
9580000 -20992.5 290.888 300.098 300.003
9600000 -20993.7 290.89 300.101 300.004
9620000 -20994.8 290.887 300.1 300
9640000 -20996.2 290.885 300.099 299.997
9660000 -20997.5 290.882 300.095 299.995
9680000 -20998.8 290.882 300.089 299.998
9700000 -21000.2 290.882 300.088 299.998
9720000 -21001.5 290.881 300.086 299.998
9740000 -21002.8 290.88 300.084 299.997
9760000 -21004.2 290.879 300.08 299.997
9780000 -21005.5 290.879 300.084 299.995
9800000 -21006.8 290.882 300.084 300
9820000 -21008.1 290.883 300.081 300.003
9840000 -21009.4 290.881 300.078 300.002
9860000 -21010.7 290.876 300.072 299.997
9880000 -21012 290.874 300.07 299.995
9900000 -21013.3 290.874 300.069 299.996
9920000 -21014.6 290.868 300.066 299.988
9940000 -21015.8 290.865 300.064 299.984
9960000 -21017.1 290.868 300.062 299.989
9980000 -21018.4 290.866 300.062 299.987
10000000 -21019.6 290.867 300.06 299.989
10020000 -21023.7 290.872 300.061 299.996
10040000 -21028.5 290.874 300.062 299.999
10060000 -21033.3 290.875 300.063 299.999
10080000 -21038.2 290.874 300.066 299.995
10100000 -21043 290.876 300.065 299.999
